32    53167    875    
64    100500    750    
128    224958    1250    
256    436375    2375    
512    734917    4750    
1024    1.45721e+06    9209    
2048    2.86862e+06    18333    
4096    5.80054e+06    36500    
8192    1.16351e+07    72916    
16384    2.33779e+07    146083    
32768    6.07644e+07    293209    
65536    1.34381e+08    620000    
131072    2.12533e+08    1.22358e+06    
262144    4.13148e+08    2.42738e+06    
524288    8.5986e+08    4.89688e+06    
1.04858e+06    1.80371e+09    9.41867e+06    
2.09715e+06    3.64882e+09    1.89542e+07    
4.1943e+06    7.55465e+09    3.90745e+07    
8.38861e+06    1.58139e+10    7.63978e+07    
