32    56500    542    
64    103625    708    
128    202750    1291    
256    405792    2375    
512    814042    4667    
1024    1.62833e+06    9208    
2048    4.24412e+06    18375    
4096    8.01596e+06    36417    
8192    1.29442e+07    72833    
16384    2.57096e+07    146042    
32768    5.14815e+07    293000    
65536    1.16822e+08    614917    
131072    2.37918e+08    1.18088e+06    
262144    4.75019e+08    2.36633e+06    
524288    9.63441e+08    4.71867e+06    
1.04858e+06    2.01932e+09    9.71583e+06    
2.09715e+06    4.09246e+09    1.91525e+07    
4.1943e+06    8.24544e+09    3.78207e+07    
8.38861e+06    1.65835e+10    7.57101e+07    
