32    58083    542    
64    104625    709    
128    182958    1292    
256    360000    2417    
512    724666    4666    
1024    1.45142e+06    9208    
2048    2.99321e+06    18417    
4096    7.60467e+06    36542    
8192    1.1477e+07    72833    
16384    2.28279e+07    145750    
32768    4.58599e+07    290042    
65536    1.07334e+08    624083    
131072    2.16431e+08    1.21838e+06    
262144    4.46115e+08    2.55971e+06    
524288    9.47627e+08    4.777e+06    
1.04858e+06    1.81969e+09    9.59612e+06    
2.09715e+06    3.76782e+09    1.88775e+07    
4.1943e+06    7.61172e+09    3.74689e+07    
8.38861e+06    1.97996e+10    7.55084e+07    
