32    54792    750    
64    97458    708    
128    185125    1250    
256    397375    2375    
512    730750    4666    
1024    1.44288e+06    9208    
2048    2.87838e+06    18417    
4096    7.37038e+06    39250    
8192    1.17118e+07    74000    
16384    2.59269e+07    145542    
32768    4.7595e+07    292917    
65536    1.01031e+08    612875    
131072    2.13382e+08    1.22488e+06    
262144    4.89675e+08    2.42888e+06    
524288    1.04498e+09    4.73233e+06    
1.04858e+06    1.87114e+09    9.64104e+06    
2.09715e+06    3.75351e+09    1.95075e+07    
4.1943e+06    7.62861e+09    3.78387e+07    
8.38861e+06    1.59536e+10    7.61184e+07    
