32    55416    916    
64    101250    709    
128    191084    1291    
256    387875    2375    
512    773667    4667    
1024    1.53058e+06    9250    
2048    3.08404e+06    18417    
4096    6.0845e+06    36500    
8192    1.23385e+07    72833    
16384    2.45295e+07    148666    
32768    4.97302e+07    293167    
65536    1.11223e+08    628625    
131072    2.28446e+08    1.22471e+06    
262144    4.55931e+08    2.35808e+06    
524288    9.14683e+08    4.81054e+06    
1.04858e+06    1.91195e+09    9.73279e+06    
2.09715e+06    3.93294e+09    1.89652e+07    
4.1943e+06    7.8604e+09    3.92006e+07    
8.38861e+06    1.87022e+10    7.46295e+07    
