32    54791    625    
64    99000    709    
128    193625    1250    
256    388125    2459    
512    1.0275e+06    4666    
1024    2.07712e+06    9250    
2048    3.70125e+06    18250    
4096    6.06858e+06    36583    
8192    1.20216e+07    72875    
16384    2.41917e+07    146042    
32768    4.98951e+07    293417    
65536    1.12322e+08    612916    
131072    2.26237e+08    1.21708e+06    
262144    4.66709e+08    2.3615e+06    
524288    9.39398e+08    4.71158e+06    
1.04858e+06    1.92788e+09    9.45012e+06    
2.09715e+06    3.92804e+09    1.89066e+07    
4.1943e+06    8.20577e+09    3.91215e+07    
8.38861e+06    1.62667e+10    7.59687e+07    
