32    57084    541    
64    107917    791    
128    204667    1292    
256    409416    2459    
512    813084    4750    
1024    1.65088e+06    9833    
2048    3.31267e+06    18459    
4096    6.66138e+06    37541    
8192    1.37808e+07    76209    
16384    2.86191e+07    152958    
32768    5.5562e+07    304541    
65536    1.21381e+08    592875    
131072    2.35017e+08    1.24604e+06    
262144    4.85622e+08    2.53358e+06    
524288    9.4381e+08    4.71583e+06    
1.04858e+06    1.92859e+09    9.72271e+06    
2.09715e+06    4.37040e+09    1.89197e+07    
4.1943e+06    9.12322e+09    3.90058e+07    
8.38861e+06    1.71946e+10    7.62919e+07    
