32    94792    167    
64    151417    292    
128    389500    583    
256    765875    875    
512    1.41496e+06    1625    
1024    3.44262e+06    4458    
2048    4.26721e+06    8750    
4096    8.61521e+06    16959    
8192    2.25182e+07    33959    
16384    3.75045e+07    68000    
32768    9.90782e+07    101542    
65536    1.92046e+08    216583    
131072    3.73063e+08    569083    
262144    8.59632e+08    1.14212e+06    
524288    1.19564e+09    2.28512e+06    
1.04858e+06    3.24907e+09    4.55129e+06    
2.09715e+06    6.09836e+09    9.27121e+06    
4.1943e+06    1.2421e+10    1.3384e+07    
8.38861e+06    2.58435e+10    2.61301e+07    
1.67772e+07    3.99761e+10    7.09771e+07    
