32    52167    625    
64    96333    709    
128    187000    1375    
256    462000    2458    
512    1.11442e+06    4666    
1024    2.50104e+06    9250    
2048    4.31404e+06    18292    
4096    5.7265e+06    36500    
8192    1.14096e+07    73084    
16384    2.30625e+07    145667    
32768    4.82386e+07    301791    
65536    1.0582e+08    592125    
131072    2.18539e+08    1.22312e+06    
262144    4.55761e+08    2.48279e+06    
524288    9.22451e+08    4.80654e+06    
1.04858e+06    1.86613e+09    9.47975e+06    
2.09715e+06    3.77143e+09    1.93938e+07    
4.1943e+06    7.56557e+09    3.79117e+07    
8.38861e+06    1.60121e+10    7.65257e+07    
