32    54959    584    
64    102833    666    
128    219667    1333    
256    404834    2666    
512    794750    4708    
1024    1.55204e+06    9208    
2048    3.14833e+06    18375    
4096    6.31617e+06    38833    
8192    1.31268e+07    77792    
16384    2.61595e+07    165625    
32768    5.54417e+07    300292    
65536    1.1836e+08    615708    
131072    2.33566e+08    1.28167e+06    
262144    4.88258e+08    2.46592e+06    
524288    1.47374e+09    4.81242e+06    
1.04858e+06    2.05528e+09    9.79171e+06    
2.09715e+06    4.02911e+09    1.89173e+07    
4.1943e+06    8.11714e+09    3.89778e+07    
8.38861e+06    1.67183e+10    7.89822e+07    
