32    52500    583    
64    95375    708    
128    184875    1291    
256    366250    2417    
512    762667    4708    
1024    1.47825e+06    9834    
2048    2.92858e+06    18375    
4096    5.82704e+06    36542    
8192    1.16825e+07    73084    
16384    2.33277e+07    146041    
32768    4.71034e+07    292542    
65536    1.05417e+08    617833    
131072    2.1966e+08    1.22246e+06    
262144    4.37513e+08    2.44038e+06    
524288    8.96898e+08    4.72583e+06    
1.04858e+06    1.86999e+09    9.293e+06    
2.09715e+06    3.76428e+09    1.89016e+07    
4.1943e+06    7.58634e+09    3.77468e+07    
8.38861e+06    1.74999e+10    7.48348e+07    
