32    53125    625    
64    110041    750    
128    181500    1250    
256    361208    2375    
512    722542    4667    
1024    1.48838e+06    9334    
2048    2.90888e+06    18333    
4096    5.80775e+06    36416    
8192    1.14841e+07    72750    
16384    2.62643e+07    151458    
32768    6.29924e+07    310959    
65536    1.27279e+08    614209    
131072    2.00431e+08    1.18071e+06    
262144    3.87085e+08    2.42992e+06    
524288    8.11134e+08    5.03975e+06    
1.04858e+06    1.72173e+09    9.27946e+06    
2.09715e+06    3.58656e+09    1.88845e+07    
4.1943e+06    7.47605e+09    3.77219e+07    
8.38861e+06    1.58645e+10    7.50018e+07    
