32    90125    167    
64    161000    208    
128    414542    459    
256    727708    792    
512    1.55754e+06    1583    
1024    3.20979e+06    3167    
2048    4.98812e+06    8500    
4096    1.20064e+07    12750    
8192    1.79092e+07    25375    
16384    4.5162e+07    50791    
32768    8.43792e+07    101625    
65536    2.28697e+08    203458    
131072    4.15100e+08    407000    
262144    6.89756e+08    818792    
524288    1.57231e+09    1.63454e+06    
1.04858e+06    2.44817e+09    4.43292e+06    
2.09715e+06    7.14218e+09    9.15971e+06    
4.1943e+06    1.42783e+10    1.30487e+07    
8.38861e+06    2.08093e+10    2.65818e+07    
1.67772e+07    5.28597e+10    7.08315e+07    
