32    53333    458    
64    96458    709    
128    183291    1292    
256    438708    2375    
512    1.25775e+06    4958    
1024    2.46362e+06    10083    
2048    3.21162e+06    19500    
4096    5.77592e+06    42125    
8192    1.17186e+07    77500    
16384    2.38641e+07    148500    
32768    4.70826e+07    293667    
65536    1.05151e+08    615000    
131072    2.15362e+08    1.238e+06    
262144    4.14502e+08    2.44458e+06    
524288    8.85675e+08    5.05792e+06    
1.04858e+06    1.81308e+09    9.80762e+06    
2.09715e+06    3.777e+09    1.8742e+07    
4.1943e+06    7.62789e+09    3.79634e+07    
8.38861e+06    1.61027e+10    7.64962e+07    
