32    60083    125    
64    108417    292    
128    231000    583    
256    342291    1083    
512    842041    1584    
1024    1.49892e+06    3333    
2048    4.27862e+06    8500    
4096    5.85046e+06    16959    
8192    1.62791e+07    34000    
16384    2.1595e+07    68000    
32768    6.04387e+07    143083    
65536    9.63914e+07    283000    
131072    2.4792e+08    551584    
262144    4.555e+08    823125    
524288    7.9739e+08    1.699e+06    
1.04858e+06    1.96895e+09    3.25779e+06    
2.09715e+06    2.7462e+09    8.84183e+06    
4.1943e+06    8.72361e+09    1.30287e+07    
8.38861e+06    1.5966e+10    3.54059e+07    
1.67772e+07    2.65329e+10    5.2289e+07    
