32    60750    500    
64    111917    708    
128    254250    1250    
256    510709    2458    
512    949416    4791    
1024    2.09279e+06    9291    
2048    3.72225e+06    18375    
4096    8.05312e+06    38792    
8192    1.52965e+07    72834    
16384    2.65508e+07    147375    
32768    5.4622e+07    304958    
65536    1.21228e+08    604458    
131072    2.53101e+08    1.22288e+06    
262144    5.05563e+08    2.37354e+06    
524288    1.04078e+09    4.73279e+06    
1.04858e+06    2.08914e+09    9.47662e+06    
2.09715e+06    4.61929e+09    1.9219e+07    
4.1943e+06    8.49762e+09    3.8522e+07    
8.38861e+06    1.77586e+10    7.57215e+07    
