32    52333    416    
64    92292    667    
128    185041    1292    
256    367041    2417    
512    722875    4666    
1024    1.45258e+06    9208    
2048    2.91217e+06    18208    
4096    5.81125e+06    36625    
8192    1.14405e+07    73333    
16384    2.32421e+07    145625    
32768    4.8013e+07    292541    
65536    1.04251e+08    632667    
131072    2.19107e+08    1.22983e+06    
262144    4.32687e+08    2.40596e+06    
524288    8.98864e+08    4.85421e+06    
1.04858e+06    1.81473e+09    9.73467e+06    
2.09715e+06    3.73195e+09    1.91441e+07    
4.1943e+06    7.54828e+09    3.88841e+07    
8.38861e+06    1.59161e+10    7.6573e+07    
