32    51709    583    
64    91709    667    
128    183000    1250    
256    459791    2417    
512    730125    4583    
1024    1.46796e+06    9209    
2048    2.91633e+06    18375    
4096    5.91992e+06    36542    
8192    1.18634e+07    73875    
16384    2.44022e+07    161500    
32768    4.95416e+07    305542    
65536    1.07453e+08    606625    
131072    2.16017e+08    1.19375e+06    
262144    4.33301e+08    2.43008e+06    
524288    9.14527e+08    4.711e+06    
1.04858e+06    1.86156e+09    9.74558e+06    
2.09715e+06    3.74651e+09    1.89406e+07    
4.1943e+06    7.55721e+09    3.83287e+07    
8.38861e+06    1.71146e+10    7.52611e+07    
