32    54541    417    
64    104459    791    
128    201167    1334    
256    398750    2542    
512    796709    4834    
1024    1.585e+06    9500    
2048    3.15325e+06    18834    
4096    8.65788e+06    36625    
8192    1.82676e+07    82375    
16384    2.66168e+07    152791    
32768    5.35274e+07    305959    
65536    1.09929e+08    607500    
131072    2.32745e+08    1.22404e+06    
262144    4.51853e+08    2.31804e+06    
524288    9.49788e+08    4.86675e+06    
1.04858e+06    1.97623e+09    9.66592e+06    
2.09715e+06    3.98415e+09    1.88926e+07    
4.1943e+06    7.90954e+09    3.96569e+07    
8.38861e+06    1.68001e+10    7.61062e+07    
