32    73291    541    
64    97250    708    
128    182292    1250    
256    373166    2375    
512    881125    4666    
1024    1.90608e+06    9958    
2048    2.93692e+06    19541    
4096    6.07821e+06    39333    
8192    1.18944e+07    73125    
16384    2.54433e+07    145542    
32768    4.7743e+07    296125    
65536    1.20244e+08    594875    
131072    2.15519e+08    1.18271e+06    
262144    4.13773e+08    2.36325e+06    
524288    8.60959e+08    4.88112e+06    
1.04858e+06    1.83888e+09    9.52867e+06    
2.09715e+06    3.68908e+09    1.88865e+07    
4.1943e+06    7.57969e+09    3.89228e+07    
8.38861e+06    1.59702e+10    7.61017e+07    
