32    58292    417    
64    102875    625    
128    202542    1292    
256    409834    2416    
512    814958    4709    
1024    1.63546e+06    9250    
2048    3.27067e+06    18917    
4096    6.41183e+06    36416    
8192    1.30377e+07    72958    
16384    2.67002e+07    146291    
32768    5.25875e+07    292750    
65536    1.13163e+08    612292    
131072    2.37892e+08    1.21783e+06    
262144    4.75425e+08    2.35883e+06    
524288    9.888e+08    4.71133e+06    
1.04858e+06    2.02136e+09    9.63292e+06    
2.09715e+06    4.14999e+09    1.96136e+07    
4.1943e+06    8.31181e+09    3.86411e+07    
8.38861e+06    1.72241e+10    7.57e+07    
