32    53583    500    
64    98333    708    
128    192875    1250    
256    396959    2417    
512    764375    4667    
1024    1.54717e+06    9167    
2048    3.06288e+06    18292    
4096    6.15946e+06    36542    
8192    1.2266e+07    72791    
16384    2.6183e+07    146750    
32768    4.99835e+07    292333    
65536    1.12927e+08    616375    
131072    2.30191e+08    1.27042e+06    
262144    4.66315e+08    2.42925e+06    
524288    9.38605e+08    4.86488e+06    
1.04858e+06    1.90829e+09    9.75779e+06    
2.09715e+06    3.931e+09    1.90836e+07    
4.1943e+06    7.8939e+09    3.77605e+07    
8.38861e+06    1.66506e+10    7.59106e+07    
