32    51958    417    
64    92709    708    
128    185250    1250    
256    384625    2334    
512    730208    4625    
1024    1.46088e+06    9208    
2048    2.87592e+06    18416    
4096    9.99042e+06    37583    
8192    1.20046e+07    77083    
16384    2.49445e+07    156250    
32768    4.97717e+07    337583    
65536    1.11404e+08    648875    
131072    2.19032e+08    1.2115e+06    
262144    4.68817e+08    2.3775e+06    
524288    9.07846e+08    4.73671e+06    
1.04858e+06    1.83592e+09    9.61621e+06    
2.09715e+06    3.75855e+09    1.96003e+07    
4.1943e+06    7.58237e+09    3.81468e+07    
8.38861e+06    1.82925e+10    7.57341e+07    
