32    54750    416    
64    97500    708    
128    191417    1250    
256    386541    2375    
512    769458    4709    
1024    1.52058e+06    9208    
2048    3.203e+06    18417    
4096    8.25521e+06    36458    
8192    1.21091e+07    72959    
16384    2.44518e+07    145625    
32768    4.95455e+07    293584    
65536    1.09878e+08    623042    
131072    2.29967e+08    1.22058e+06    
262144    4.58272e+08    2.43058e+06    
524288    9.3589e+08    4.87279e+06    
1.04858e+06    1.95054e+09    9.57779e+06    
2.09715e+06    3.91347e+09    1.88997e+07    
4.1943e+06    8.08046e+09    3.7743e+07    
8.38861e+06    1.62531e+10    7.61898e+07    
