32    58292    750    
64    96917    667    
128    192458    1250    
256    392500    2416    
512    767792    4708    
1024    1.52133e+06    9208    
2048    3.71579e+06    19458    
4096    6.86275e+06    36542    
8192    1.24487e+07    79584    
16384    2.63562e+07    161042    
32768    5.19475e+07    308917    
65536    1.12011e+08    634958    
131072    2.24066e+08    1.26692e+06    
262144    4.536e+08    2.37308e+06    
524288    9.31684e+08    4.71971e+06    
1.04858e+06    1.94299e+09    9.781e+06    
2.09715e+06    3.90527e+09    1.89398e+07    
4.1943e+06    7.82281e+09    3.83735e+07    
8.38861e+06    1.6474e+10    7.55988e+07    
