32    109041    166    
64    240042    250    
128    506958    458    
256    1.08679e+06    833    
512    1.89162e+06    2125    
1024    3.79638e+06    4250    
2048    6.75758e+06    14833    
4096    1.30569e+07    17041    
8192    3.33702e+07    25458    
16384    6.16569e+07    51167    
32768    1.16509e+08    142375    
65536    2.42277e+08    211875    
131072    4.4202e+08    410000    
262144    1.076e+09    844083    
524288    1.64424e+09    2.21233e+06    
1.04858e+06    4.20753e+09    4.55375e+06    
2.09715e+06    7.36332e+09    6.72075e+06    
4.1943e+06    1.59991e+10    1.36318e+07    
8.38861e+06    2.99132e+10    2.62035e+07    
1.67772e+07    7.33939e+10    5.25671e+07    
