32    121542    166    
64    171208    208    
128    360042    542    
256    643958    1083    
512    1.87967e+06    2292    
1024    3.55358e+06    4250    
2048    5.21346e+06    6750    
4096    1.24572e+07    12625    
8192    1.90632e+07    34042    
16384    3.86538e+07    68167    
32768    1.24236e+08    142125    
65536    2.24736e+08    211417    
131072    5.20189e+08    551083    
262144    6.48103e+08    1.13908e+06    
524288    1.98779e+09    2.21638e+06    
1.04858e+06    3.74851e+09    3.36292e+06    
2.09715e+06    7.90516e+09    6.56438e+06    
4.1943e+06    1.26871e+10    1.7728e+07    
8.38861e+06    2.42357e+10    3.54495e+07    
1.67772e+07    4.88129e+10    7.06347e+07    
