32    56542    792    
64    96000    750    
128    217625    1250    
256    380750    2458    
512    724167    4875    
1024    1.45296e+06    9208    
2048    2.98117e+06    18292    
4096    6.09142e+06    39375    
8192    1.19942e+07    73000    
16384    2.35082e+07    145459    
32768    4.65858e+07    293000    
65536    1.03845e+08    626958    
131072    2.1727e+08    1.22321e+06    
262144    4.34989e+08    2.45346e+06    
524288    9.00882e+08    5.08067e+06    
1.04858e+06    1.95457e+09    9.345e+06    
2.09715e+06    4.36849e+09    1.95197e+07    
4.1943e+06    8.25952e+09    3.79317e+07    
8.38861e+06    1.60331e+10    7.54312e+07    
