32    53291    1375    
64    92416    709    
128    184625    1292    
256    367000    2667    
512    735000    4708    
1024    1.45467e+06    9250    
2048    2.89104e+06    18333    
4096    5.92988e+06    36500    
8192    1.17201e+07    72875    
16384    2.46022e+07    153750    
32768    4.85072e+07    312750    
65536    1.05734e+08    628042    
131072    2.39576e+08    1.20425e+06    
262144    4.71086e+08    2.36508e+06    
524288    8.4607e+08    4.72146e+06    
1.04858e+06    1.71285e+09    9.78325e+06    
2.09715e+06    3.59889e+09    1.89024e+07    
4.1943e+06    7.4631e+09    3.86545e+07    
8.38861e+06    1.55729e+10    7.47928e+07    
