32    84375    167    
64    170375    291    
128    383417    542    
256    593709    1083    
512    1.18746e+06    2167    
1024    3.3175e+06    4250    
2048    6.13212e+06    8625    
4096    1.33668e+07    17000    
8192    1.90886e+07    33959    
16384    4.89927e+07    68208    
32768    7.67788e+07    142792    
65536    2.00131e+08    209792    
131072    3.96674e+08    406917    
262144    6.25874e+08    1.14383e+06    
524288    1.28624e+09    2.20767e+06    
1.04858e+06    2.49564e+09    4.41725e+06    
2.09715e+06    7.75819e+09    6.51058e+06    
4.1943e+06    1.49818e+10    1.5581e+07    
8.38861e+06    2.92701e+10    2.63221e+07    
1.67772e+07    6.25082e+10    7.06152e+07    
