32    51542    416    
64    98084    708    
128    198583    1417    
256    389792    2375    
512    774250    4667    
1024    1.58862e+06    9250    
2048    3.08283e+06    18375    
4096    6.26225e+06    37625    
8192    1.2435e+07    75292    
16384    2.68212e+07    146000    
32768    5.80057e+07    298416    
65536    1.09151e+08    603375    
131072    2.09905e+08    1.234e+06    
262144    4.27143e+08    2.44608e+06    
524288    9.18529e+08    4.89704e+06    
1.04858e+06    1.91037e+09    9.49112e+06    
2.09715e+06    3.90039e+09    1.95277e+07    
4.1943e+06    8.03321e+09    3.83782e+07    
8.38861e+06    1.69859e+10    7.4812e+07    
