32    54166    666    
64    91583    709    
128    185542    1334    
256    365708    2666    
512    733292    4917    
1024    1.44892e+06    9166    
2048    2.91212e+06    18333    
4096    5.8445e+06    38833    
8192    1.16313e+07    73083    
16384    2.45914e+07    146042    
32768    5.01281e+07    304834    
65536    1.04956e+08    620958    
131072    2.10766e+08    1.28171e+06    
262144    4.71597e+08    2.35088e+06    
524288    8.91741e+08    4.90771e+06    
1.04858e+06    1.81389e+09    9.63433e+06    
2.09715e+06    3.65214e+09    1.88655e+07    
4.1943e+06    7.62404e+09    3.88713e+07    
8.38861e+06    1.61489e+10    7.61266e+07    
