32    57750    542    
64    108208    750    
128    212583    1291    
256    415166    2458    
512    810083    4625    
1024    1.68304e+06    9208    
2048    3.81004e+06    18333    
4096    7.71658e+06    36458    
8192    1.46132e+07    73000    
16384    2.53638e+07    146167    
32768    5.14349e+07    300833    
65536    1.09337e+08    612667    
131072    2.28255e+08    1.20192e+06    
262144    4.59311e+08    2.4435e+06    
524288    9.60013e+08    4.71538e+06    
1.04858e+06    2.85177e+09    9.73679e+06    
2.09715e+06    4.56729e+09    1.89256e+07    
4.1943e+06    8.1732e+09    3.82905e+07    
8.38861e+06    1.67504e+10    7.56448e+07    
