32    51708    542    
64    97250    709    
128    196666    1333    
256    369542    2416    
512    736875    4625    
1024    1.45233e+06    9167    
2048    2.89742e+06    18334    
4096    5.85188e+06    36500    
8192    1.15687e+07    72916    
16384    2.32937e+07    146167    
32768    4.77923e+07    293041    
65536    1.04303e+08    622417    
131072    2.22076e+08    1.21788e+06    
262144    4.37438e+08    2.35879e+06    
524288    9.17311e+08    4.89692e+06    
1.04858e+06    1.87784e+09    9.31842e+06    
2.09715e+06    3.73449e+09    1.90043e+07    
4.1943e+06    7.49249e+09    3.7812e+07    
8.38861e+06    1.53539e+10    7.51666e+07    
