32    64333    458    
64    97792    791    
128    184708    1333    
256    368333    2417    
512    717500    4625    
1024    1.45425e+06    9208    
2048    2.9295e+06    18334    
4096    5.81042e+06    36541    
8192    1.16735e+07    80292    
16384    2.32819e+07    145750    
32768    4.68917e+07    292416    
65536    1.02304e+08    697084    
131072    2.17189e+08    1.20175e+06    
262144    4.31004e+08    2.35783e+06    
524288    9.08162e+08    4.75408e+06    
1.04858e+06    1.86396e+09    9.39592e+06    
2.09715e+06    3.75193e+09    1.8975e+07    
4.1943e+06    7.57339e+09    3.83997e+07    
8.38861e+06    1.62168e+10    7.57144e+07    
