32    74542    625    
64    202417    792    
128    324875    1250    
256    615875    2375    
512    856042    4625    
1024    1.591e+06    9209    
2048    3.21658e+06    18334    
4096    6.47354e+06    36417    
8192    1.31192e+07    73125    
16384    2.61658e+07    148583    
32768    5.54927e+07    310875    
65536    1.13793e+08    628917    
131072    2.39843e+08    1.24888e+06    
262144    4.68728e+08    2.41258e+06    
524288    9.57559e+08    4.72083e+06    
1.04858e+06    1.99224e+09    9.74992e+06    
2.09715e+06    4.0575e+09    1.95076e+07    
4.1943e+06    9.33838e+09    3.77864e+07    
8.38861e+06    1.68995e+10    7.46663e+07    
