32    98000    125    
64    155375    292    
128    380000    541    
256    573750    1084    
512    1.20738e+06    2167    
1024    2.51662e+06    4292    
2048    5.66804e+06    6417    
4096    1.10634e+07    12750    
8192    2.17575e+07    35458    
16384    4.42706e+07    76333    
32768    1.04146e+08    144125    
65536    1.86092e+08    284375    
131072    3.78719e+08    564833    
262144    7.54944e+08    1.11008e+06    
524288    1.37995e+09    2.21154e+06    
1.04858e+06    2.75926e+09    4.57438e+06    
2.09715e+06    6.36287e+09    8.84638e+06    
4.1943e+06    1.3135e+10    1.81991e+07    
8.38861e+06    2.48986e+10    3.5851e+07    
1.67772e+07    5.23574e+10    7.10133e+07    
