32    50167    417    
64    94708    708    
128    183042    1250    
256    375791    2334    
512    727417    4666    
1024    1.45671e+06    9167    
2048    2.94129e+06    18375    
4096    5.83467e+06    36708    
8192    1.16854e+07    72875    
16384    2.44565e+07    153292    
32768    4.9557e+07    323875    
65536    1.0715e+08    619417    
131072    2.58523e+08    1.19021e+06    
262144    6.60832e+08    2.35775e+06    
524288    8.84495e+08    4.84612e+06    
1.04858e+06    1.83159e+09    9.67821e+06    
2.09715e+06    3.61624e+09    1.88832e+07    
4.1943e+06    7.56172e+09    3.85062e+07    
8.38861e+06    1.57531e+10    7.61271e+07    
