8    0.631036    0.630406    
16    0.849019    0.848171    
32    10.43    10.4196    
64    0.921568    0.920648    
128    4.65608    4.65143    
256    54.3907    54.3364    
512    0.862282    0.861421    
1024    0.936698    0.935762    
2048    0.958542    0.957584    
4096    0.859156    0.858298    
8192    0.529453    0.528924    
16384    0.923194    0.922272    
32768    0.987499    0.986513    
65536    0.867184    0.866318    
131072    0.840525    0.839685    
262144    0.997998    0.997001    
524288    0.96777    0.966803    
1.04858e+06    0.892836    0.891944    
