8    0.966647    0.965681    
16    225.464    225.239    
32    0.839173    0.838334    
64    0.924729    0.923805    
128    0.692593    0.691901    
256    0.937474    0.936537    
512    0.938056    0.937119    
1024    0.907898    0.906991    
2048    1.00939    1.00838    
4096    0.95188    0.950929    
8192    0.850868    0.850018    
16384    0.84865    0.847802    
32768    0.930204    0.929275    
65536    34.6224    34.5879    
131072    27.0673    27.0402    
262144    0.837545    0.836708    
524288    0.924419    0.923496    
1.04858e+06    0.891151    0.890261    
