8    0.571476    0.570905    
16    300.803    300.503    
32    0.862993    0.862131    
64    5.79738    5.79159    
128    0.963005    0.962043    
256    0.667121    0.666455    
512    0.893692    0.892799    
1024    0.459942    0.459483    
2048    0.878571    0.877693    
4096    0.945789    0.944844    
8192    0.766591    0.765825    
16384    0.861608    0.860748    
32768    2.32861    2.32628    
65536    0.946231    0.945286    
131072    0.910006    0.909096    
262144    0.972739    0.971767    
524288    0.742366    0.741624    
1.04858e+06    0.836705    0.835869    
