8    0.61955    0.618931    
16    0.889778    0.888889    
32    1.77036    1.76859    
64    0.698482    0.697784    
128    23.3369    23.3136    
256    0.902758    0.901856    
512    0.868849    0.867981    
1024    0.968978    0.96801    
2048    0.989074    0.988085    
4096    1.91914    1.91722    
8192    0.829453    0.828624    
16384    0.910014    0.909105    
32768    0.896101    0.895206    
65536    0.849431    0.848582    
131072    0.834137    0.833304    
262144    0.482103    0.481621    
524288    0.881304    0.880423    
1.04858e+06    0.829363    0.828534    
