8    0.844841    0.843997    
16    0.916174    0.915259    
32    0.642743    0.642101    
64    0.917458    0.916541    
128    0.535268    0.534734    
256    0.860007    0.859147    
512    0.88119    0.880309    
1024    0.878457    0.877579    
2048    0.938169    0.937231    
4096    0.972897    0.971925    
8192    0.900103    0.899204    
16384    0.959794    0.958835    
32768    554.832    554.278    
65536    0.569777    0.569207    
131072    0.498067    0.49757    
262144    0.839733    0.838894    
524288    0.487714    0.487227    
1.04858e+06    0.96115    0.96019    
