8    0.943932    0.942989    
16    8.33302    8.3247    
32    0.880378    0.879498    
64    0.952432    0.951481    
128    0.91677    0.915854    
256    0.841197    0.840357    
512    0.913835    0.912922    
1024    0.938171    0.937234    
2048    0.932261    0.93133    
4096    0.971238    0.970268    
8192    0.741694    0.740954    
16384    0.876404    0.875529    
32768    0.849234    0.848385    
65536    0.736148    0.735412    
131072    0.93499    0.934056    
262144    0.991553    0.990562    
524288    0.953718    0.952766    
1.04858e+06    0.595397    0.594802    
