8    0.337451    0.337114    
16    0.114734    0.114619    
32    0.00760615    0.00759855    
64    0.0429827    0.0429398    
128    0.126296    0.12617    
256    0.00274    0.00273726    
512    0.0208982    0.0208773    
1024    0.0396236    0.039584    
2048    0.0170829    0.0170659    
4096    0.0174645    0.017447    
8192    0.00653807    0.00653154    
16384    0.0112475    0.0112363    
32768    0.00817976    0.00817159    
65536    0.000330784    0.000330454    
131072    0.00177424    0.00177246    
262144    6.9401e-06    6.93317e-06    
524288    0    0    
1.04858e+06    4.45112e-05    4.44667e-05    
