8    0.0467864    0.0467397    
16    0.181206    0.181025    
32    0.462209    0.461747    
64    0.52907    0.528542    
128    0.0491569    0.0491078    
256    0.0975114    0.097414    
512    0.0683665    0.0682982    
1024    0.0126851    0.0126724    
2048    0.124547    0.124423    
4096    0.0385483    0.0385098    
8192    0.0145755    0.014561    
16384    1.18253e-06    1.18135e-06    
32768    0.0106137    0.0106031    
65536    0.00450335    0.00449885    
131072    0.00588084    0.00587497    
262144    0.00357796    0.00357438    
524288    0.0032818    0.00327852    
1.04858e+06    0.00026824    0.000267972    
