8    0.512388    0.511876    
16    0.360215    0.359856    
32    0.346612    0.346266    
64    0.133885    0.133751    
128    0.00622026    0.00621405    
256    0.126536    0.12641    
512    0.0407867    0.040746    
1024    0.0121272    0.012115    
2048    0.0039524    0.00394846    
4096    0.0374728    0.0374354    
8192    0.00905266    0.00904362    
16384    0.00306478    0.00306172    
32768    0.0124923    0.0124798    
65536    0.00663404    0.00662741    
131072    0.00156655    0.00156499    
262144    0.00782858    0.00782076    
524288    0    0    
1.04858e+06    0    0    
