8    0.165974    0.165808    
16    0.0718895    0.0718176    
32    0.0830773    0.0829943    
64    0.282847    0.282564    
128    0.1686    0.168431    
256    0.110842    0.110731    
512    0.0522787    0.0522265    
1024    0.024931    0.0249061    
2048    0.0134926    0.0134791    
4096    0.00659361    0.00658702    
8192    0.00372893    0.00372521    
16384    0.00674276    0.00673602    
32768    0.00473809    0.00473335    
65536    0.00212856    0.00212643    
131072    0.000634367    0.000633734    
262144    0.000130929    0.000130798    
524288    0.00242173    0.00241931    
1.04858e+06    2.39244e-05    2.39005e-05    
