8    0.821071    0.820251    
16    0.30753    0.307223    
32    0.0415202    0.0414787    
64    0.0227241    0.0227014    
128    0.0294607    0.0294313    
256    0.022919    0.0228961    
512    0.0541952    0.0541411    
1024    0.034969    0.0349341    
2048    0.0257512    0.0257255    
4096    0.0127879    0.0127751    
8192    0.00218613    0.00218395    
16384    0.00667046    0.00666379    
32768    0.00139642    0.00139503    
65536    0.0048611    0.00485625    
131072    0.0012437    0.00124245    
262144    0    0    
524288    0    0    
1.04858e+06    0    0    
