8    0.557419    0.556862    
16    0.373405    0.373032    
32    0.00435992    0.00435557    
64    0.167534    0.167367    
128    0.0782513    0.0781731    
256    0.0798546    0.0797748    
512    0.09009    0.09    
1024    0.0542164    0.0541622    
2048    0.0147992    0.0147844    
4096    0.0155963    0.0155807    
8192    0.0166704    0.0166538    
16384    0.00424952    0.00424527    
32768    0.0014565    0.00145504    
65536    0.00545802    0.00545256    
131072    0.00648037    0.00647389    
262144    0.000244091    0.000243848    
524288    0.00181616    0.00181435    
1.04858e+06    0    0    
