8    0.0230572    0.0230342    
16    0.360746    0.360385    
32    0.0416209    0.0415793    
64    0.246669    0.246423    
128    0.247217    0.24697    
256    0.0368378    0.036801    
512    0.0799173    0.0798375    
1024    0.0194038    0.0193844    
2048    0.00210739    0.00210528    
4096    0.0182291    0.0182109    
8192    0.0213909    0.0213695    
16384    0.00333416    0.00333083    
32768    0.00640193    0.00639553    
65536    0.00198009    0.00197811    
131072    6.71085e-08    6.70415e-08    
262144    1.10784e-06    1.10674e-06    
524288    0    0    
1.04858e+06    4.30977e-05    4.30546e-05    
