8    0.0328738    0.0328409    
16    0.238645    0.238406    
32    0.120246    0.120126    
64    0.308122    0.307814    
128    0.266386    0.26612    
256    0.0525701    0.0525176    
512    0.0215986    0.021577    
1024    0.0073007    0.00729341    
2048    0.0267587    0.026732    
4096    0.0196137    0.0195941    
8192    0.0173411    0.0173238    
16384    0.00663951    0.00663288    
32768    0.00120997    0.00120876    
65536    0.00702497    0.00701795    
131072    0.0107832    0.0107725    
262144    0.000106938    0.000106831    
524288    0.00206085    0.00205879    
1.04858e+06    0    0    
