8    0.460902    0.460442    
16    0.169249    0.16908    
32    0.118525    0.118406    
64    0.218867    0.218648    
128    0.112855    0.112742    
256    0.0795291    0.0794497    
512    0.0396989    0.0396592    
1024    0.0126877    0.012675    
2048    0.00405124    0.0040472    
4096    0.00317454    0.00317137    
8192    0.0137835    0.0137698    
16384    0.0173156    0.0172983    
32768    0.00845779    0.00844934    
65536    0.000493139    0.000492646    
131072    0.0035904    0.00358681    
262144    0.000995295    0.000994301    
524288    0    0    
1.04858e+06    0    0    
