8    0.11269    0.112577    
16    0.106934    0.106827    
32    0.152629    0.152476    
64    0.125968    0.125842    
128    0.0563751    0.0563188    
256    0.0507545    0.0507038    
512    0.0319142    0.0318824    
1024    0.00746262    0.00745516    
2048    0.0140905    0.0140765    
4096    0.0119906    0.0119787    
8192    0.00904984    0.0090408    
16384    0.00466456    0.0046599    
32768    0.00243028    0.00242786    
65536    0.0034277    0.00342428    
131072    0.00426668    0.00426242    
262144    0.00603325    0.00602722    
524288    3.87713e-06    3.87326e-06    
1.04858e+06    0    0    
