10    1.1912    0.561354    1.27776    0.417977    
11    1.20354    0.580657    1.32558    0.378056    
12    1.77    0.666272    1.82066    0.609742    
13    1.82692    0.675499    1.89689    0.561545    
14    1.86371    0.692318    1.95069    0.52103    
15    1.9032    0.698397    2.00597    0.472873    
16    2.4345    0.777457    2.48542    0.710857    
17    2.48988    0.778913    2.5736    0.66021    
18    2.54022    0.784847    2.63411    0.62131    
19    2.59026    0.800866    2.6976    0.571098    
20    3.14475    0.853501    3.16739    0.795171    
21    3.17866    0.870615    3.24436    0.767977    
22    3.21918    0.891747    3.31531    0.717467    
23    3.26348    0.914838    3.38401    0.664752    
24    3.82725    0.942726    3.86354    0.876567    
25    3.87676    0.965653    3.95916    0.825661    
26    3.92    0.975557    4.03756    0.761631    
27    3.96044    0.978616    4.10251    0.710684    
28    4.53975    1.00735    4.59482    0.925569    
29    4.57979    1.04666    4.65905    0.885403    
30    4.61917    1.05015    4.72176    0.84207    
31    4.66374    1.06921    4.77552    0.813464    
32    5.2335    1.09244    5.26415    1.03021    
33    5.28864    1.10999    5.34255    0.982394    
34    5.33612    1.12067    5.42092    0.925366    
35    5.38457    1.12632    5.4933    0.866387    
36    5.93925    1.17559    5.99694    1.0764    
37    5.99049    1.18775    6.06636    1.0282    
38    6.04192    1.2039    6.14024    0.972485    
39    6.09077    1.20544    6.2156    0.912422    
40    6.65475    1.22264    6.69541    1.13041    
41    6.68995    1.2469    6.76781    1.08354    
42    6.74437    1.25351    6.85436    1.01599    
43    6.79186    1.25075    6.92822    0.959926    
44    7.35675    1.27928    7.42076    1.17361    
45    7.41728    1.28764    7.51103    1.0989    
46    7.46566    1.28574    7.59461    1.04698    
47    7.51634    1.30279    7.66622    0.9887    
48    8.0835    1.32643    8.15584    1.20791    
49    8.12867    1.3408    8.25066    1.16358    
50    8.18368    1.353    8.32001    1.09808    
51    8.23052    1.36324    8.38714    1.04808    
52    8.79225    1.3849    8.87383    1.26227    
53    8.82491    1.42766    8.94398    1.22258    
54    8.88029    1.43078    9.02975    1.15858    
55    8.92919    1.43073    9.09315    1.11163    
56    9.48825    1.44595    9.57916    1.33456    
57    9.52035    1.46929    9.6672    1.28384    
58    9.58669    1.46926    9.74399    1.21862    
59    9.64907    1.4649    9.81407    1.1578    
60    10.2233    1.47327    10.2979    1.37142    
61    10.2527    1.50494    10.3762    1.31505    
62    10.3082    1.51772    10.4455    1.26312    
63    10.365    1.52327    10.5215    1.1977    
64    10.938    1.52364    11.0114    1.42981    
65    10.9783    1.55268    11.1076    1.37966    
66    11.022    1.56873    11.1799    1.31918    
67    11.0693    1.56896    11.2627    1.26193    
68    11.6318    1.57863    11.7592    1.47004    
69    11.6721    1.60265    11.8532    1.40906    
70    11.7441    1.60478    11.9263    1.35653    
71    11.7948    1.61348    11.9926    1.30489    
72    12.3593    1.61628    12.4945    1.51324    
73    12.3818    1.66173    12.5616    1.46812    
74    12.4411    1.66404    12.6264    1.42502    
75    12.4937    1.67875    12.6972    1.37491    
76    13.062    1.67771    13.2021    1.5784    
77    13.1185    1.70741    13.2707    1.52963    
78    13.1858    1.71098    13.3355    1.49538    
79    13.2289    1.71692    13.4033    1.44294    
80    13.7782    1.73908    13.9112    1.63989    
81    13.835    1.74494    13.991    1.58508    
82    13.8963    1.75192    14.0617    1.52735    
83    13.9488    1.7524    14.1392    1.47603    
84    14.5042    1.77255    14.6293    1.68879    
85    14.5566    1.78333    14.7142    1.63494    
86    14.6326    1.79273    14.7969    1.57461    
87    14.674    1.79794    14.8729    1.50085    
88    15.2332    1.81154    15.3651    1.70532    
89    15.273    1.84693    15.4508    1.64563    
90    15.3302    1.85657    15.5246    1.59047    
91    15.3824    1.8605    15.6102    1.514    
92    15.9382    1.87804    16.11    1.70714    
93    15.9901    1.89893    16.1912    1.65183    
94    16.0445    1.91229    16.2716    1.5962    
95    16.1121    1.91829    16.3454    1.54066    
96    16.6642    1.93373    16.8176    1.7525    
97    16.723    1.9487    16.9055    1.68624    
98    16.7972    1.92536    16.9852    1.63461    
99    16.847    1.9338    17.0694    1.58105    
100    17.4    1.93271    17.5424    1.79804    
101    17.4574    1.94492    17.6281    1.74708    
102    17.5183    1.95551    17.7063    1.6849    
103    17.5614    1.96611    17.7874    1.61863    
104    18.1343    1.95573    18.2746    1.82635    
105    18.1805    1.98121    18.3655    1.76826    
106    18.2325    2.00762    18.4467    1.7115    
107    18.2886    2.01182    18.5099    1.65232    
108    18.861    2.00704    18.9964    1.85812    
109    18.8923    2.04502    19.0954    1.7871    
110    18.9512    2.05729    19.1796    1.73013    
111    19.0286    2.05238    19.2481    1.67695    
112    19.596    2.06832    19.748    1.88084    
113    19.6583    2.07065    19.8292    1.83065    
114    19.7076    2.0882    19.9193    1.77115    
115    19.7709    2.10005    19.9923    1.72097    
116    20.331    2.11578    20.4893    1.93218    
117    20.3724    2.12318    20.5839    1.87226    
118    20.4082    2.15041    20.674    1.80048    
119    20.4603    2.17237    20.7507    1.7429    
120    21.03    2.17251    21.2543    1.92602    
121    21.0729    2.16562    21.3347    1.86525    
122    21.1291    2.17397    21.41    1.81809    
123    21.1911    2.19382    21.4836    1.75726    
124    21.756    2.20129    21.9718    1.96763    
125    21.7922    2.20622    22.0574    1.91075    
126    21.847    2.22236    22.1333    1.84603    
127    21.9243    2.21269    22.207    1.8027    
128    22.4678    2.24275    22.7041    2.01677    
129    22.5168    2.25292    22.78    1.95703    
130    22.5618    2.27044    22.8559    1.88627    
131    22.6408    2.26823    22.9288    1.82214    
132    23.1863    2.28905    23.4221    2.0295    
133    23.2301    2.29619    23.5115    1.96971    
134    23.2684    2.31652    23.5866    1.90662    
135    23.3489    2.31143    23.6528    1.85665    
136    23.922    2.31271    24.1544    2.04972    
137    23.9569    2.31316    24.237    1.99322    
138    24.015    2.32766    24.3099    1.943    
139    24.0911    2.3236    24.3843    1.87843    
140    24.654    2.34468    24.8695    2.09432    
141    24.7175    2.32539    24.9499    2.03104    
142    24.7803    2.35079    25.031    1.97415    
143    24.8445    2.34769    25.1053    1.90778    
144    25.4032    2.36938    25.6032    2.11677    
145    25.4549    2.36917    25.6873    2.0581    
146    25.5034    2.39675    25.7714    1.99111    
147    25.5678    2.38454    25.8331    1.94659    
148    26.1308    2.41776    26.331    2.1431    
149    26.1809    2.41749    26.4069    2.08711    
150    26.2378    2.44715    26.488    2.03304    
151    26.297    2.42014    26.5564    1.97872    
152    26.85    2.44466    27.0484    2.18278    
153    26.916    2.45343    27.1212    2.10763    
154    26.9722    2.46414    27.2007    2.04553    
155    27.0451    2.44155    27.2915    1.99039    
156    27.5917    2.46535    27.7947    2.18386    
157    27.6353    2.4737    27.8884    2.11215    
158    27.7051    2.47304    27.9664    2.04261    
159    27.7638    2.45465    28.0475    1.9949    
160    28.3275    2.46816    28.5321    2.21306    
161    28.3711    2.4829    28.6125    2.15721    
162    28.4313    2.50599    28.6786    2.10685    
163    28.4802    2.50483    28.7559    2.04332    
164    29.0392    2.51483    29.2293    2.25816    
165    29.0964    2.51326    29.3119    2.19299    
166    29.1551    2.52632    29.4011    2.13054    
167    29.2207    2.52397    29.4999    2.05648    
168    29.784    2.5241    29.9831    2.26739    
169    29.8428    2.53934    30.0679    2.21194    
170    29.9046    2.54092    30.1549    2.13956    
171    29.9688    2.53773    30.2329    2.08158    
172    30.5123    2.55398    30.7236    2.29584    
173    30.553    2.5761    30.815    2.22464    
174    30.6284    2.56447    30.8998    2.15545    
175    30.7025    2.56501    30.9801    2.11064    
176    31.2645    2.57056    31.473    2.31996    
177    31.3287    2.57994    31.5541    2.25962    
178    31.4117    2.57507    31.6366    2.19774    
179    31.4791    2.57427    31.7191    2.13651    
180    32.0265    2.58256    32.2233    2.34634    
181    32.0697    2.60017    32.3042    2.27561    
182    32.1333    2.62176    32.377    2.21181    
183    32.1955    2.6221    32.4572    2.13808    
184    32.7472    2.6211    32.9391    2.35372    
185    32.7882    2.64653    33.0358    2.29299    
186    32.8525    2.66891    33.107    2.23165    
187    32.9209    2.66611    33.1761    2.15952    
188    33.48    2.66868    33.6795    2.35349    
189    33.5255    2.69368    33.7672    2.29111    
190    33.5749    2.69425    33.8616    2.22866    
191    33.638    2.7086    33.9337    2.1821    
192    34.1985    2.70431    34.4186    2.40307    
193    34.2373    2.72505    34.5026    2.34667    
194    34.2919    2.74943    34.579    2.26653    
195    34.3527    2.75277    34.663    2.2054    
196    34.9245    2.74371    35.1658    2.41108    
197    34.9746    2.77041    35.252    2.3405    
198    35.0308    2.79603    35.3434    2.27433    
199    35.1    2.78847    35.4243    2.21108    
200    35.6655    2.78258    35.925    2.41415    
201    35.7126    2.79644    36.0134    2.35107    
202    35.7667    2.81661    36.0944    2.29506    
203    35.8329    2.81181    36.1738    2.23053    
204    36.405    2.82408    36.6618    2.43121    
205    36.4515    2.83676    36.7444    2.38215    
206    36.507    2.85566    36.8328    2.33308    
207    36.5726    2.85658    36.9093    2.26855    
208    37.1468    2.84502    37.3966    2.48203    
209    37.188    2.87136    37.4687    2.43262    
210    37.2549    2.87744    37.5452    2.37758    
211    37.319    2.87775    37.6321    2.3122    
212    37.8885    2.87186    38.1261    2.52579    
213    37.947    2.88322    38.2012    2.47377    
214    38.005    2.88257    38.2873    2.41167    
215    38.0609    2.90211    38.3556    2.36279    
216    38.6317    2.90715    38.8601    2.56805    
217    38.6806    2.90696    38.9567    2.49515    
218    38.7326    2.91311    39.0383    2.43042    
219    38.7886    2.94135    39.1065    2.35936    
220    39.3615    2.92662    39.6073    2.56535    
221    39.4119    2.93926    39.6808    2.50504    
222    39.4857    2.93582    39.7691    2.42882    
223    39.5305    2.94299    39.8478    2.36585    
224    40.104    2.94939    40.3501    2.5806    
225    40.1446    2.96444    40.4295    2.51403    
226    40.2065    2.96023    40.5037    2.45805    
227    40.246    2.97742    40.5735    2.40475    
228    40.8322    2.97008    41.0773    2.60974    
229    40.8871    2.98854    41.162    2.54471    
230    40.9333    3.00904    41.2444    2.48629    
231    40.9661    3.01911    41.3194    2.4391    
232    41.5402    3.01379    41.8129    2.65485    
233    41.5899    3.03087    41.9042    2.5953    
234    41.6458    3.04625    41.9888    2.53535    
235    41.6914    3.06754    42.0735    2.47673    
236    42.2663    3.06434    42.5781    2.67297    
237    42.3085    3.06781    42.6657    2.61411    
238    42.3681    3.10018    42.7436    2.54088    
239    42.4401    3.11502    42.8252    2.4799    
240    43.014    3.10533    43.341    2.6647    
241    43.0607    3.11241    43.4316    2.60405    
242    43.1182    3.12533    43.5028    2.55637    
243    43.1714    3.11643    43.583    2.49379    
244    43.7318    3.12047    44.087    2.70432    
245    43.7763    3.12255    44.1738    2.64262    
246    43.8428    3.134    44.2547    2.58301    
247    43.8997    3.12542    44.3267    2.52825    
248    44.4728    3.11246    44.8433    2.72359    
249    44.5307    3.1082    44.9241    2.65065    
250    44.5816    3.12624    45.0012    2.57948    
251    44.6477    3.12474    45.082    2.50739    
252    45.2115    3.13945    45.5822    2.69158    
253    45.262    3.13537    45.6534    2.6364    
254    45.3181    3.15189    45.7328    2.57196    
255    45.385    3.14579    45.8122    2.5132    
256    45.9323    3.1653    46.3185    2.7107    
257    45.9799    3.16008    46.3955    2.63746    
258    46.0366    3.17632    46.4779    2.58495    
259    46.1074    3.17005    46.5558    2.52695    
260    46.6605    3.16319    47.0606    2.7259    
261    46.7201    3.16259    47.1468    2.66908    
262    46.7679    3.19144    47.2291    2.60054    
263    46.8319    3.20061    47.3002    2.53129    
264    47.382    3.21376    47.808    2.73867    
265    47.431    3.22715    47.8806    2.67081    
266    47.488    3.25369    47.9526    2.61504    
267    47.5406    3.26974    48.0267    2.5552    
268    48.1043    3.27577    48.5324    2.76991    
269    48.1609    3.29504    48.6021    2.71395    
270    48.2147    3.32665    48.6754    2.65058    
271    48.2773    3.32301    48.7347    2.60279    
272    48.8415    3.30226    49.2426    2.8082    
273    48.8839    3.32485    49.3227    2.74362    
274    48.9347    3.32692    49.4094    2.67079    
275    48.9913    3.34023    49.4865    2.62181    
276    49.5465    3.34116    49.9892    2.82436    
277    49.5957    3.35072    50.0722    2.75727    
278    49.6472    3.3793    50.1337    2.70395    
279    49.7053    3.3777    50.2107    2.63106    
280    50.2605    3.38483    50.7015    2.84385    
281    50.3186    3.39966    50.7883    2.78237    
282    50.3756    3.40757    50.8623    2.71404    
283    50.4268    3.41156    50.9387    2.65965    
284    50.9955    3.41795    51.4324    2.86585    
285    51.0402    3.42619    51.5177    2.80806    
286    51.1068    3.42738    51.6059    2.7389    
287    51.1491    3.44311    51.6873    2.65727    
288    51.7215    3.42804    52.2012    2.8584    
289    51.7654    3.43864    52.2841    2.78849    
290    51.8253    3.43987    52.3575    2.73864    
291    51.8789    3.44725    52.4257    2.68137    
292    52.4393    3.4418    52.9241    2.8938    
293    52.4877    3.43755    52.9982    2.83675    
294    52.5492    3.42541    53.0737    2.77435    
295    52.6034    3.44069    53.1419    2.72799    
296    53.169    3.44097    53.6425    2.93723    
297    53.2212    3.43695    53.7284    2.86641    
298    53.2925    3.43415    53.8217    2.79095    
299    53.3438    3.46274    53.8876    2.74069    
300    53.9085    3.45117    54.3891    2.95642    
301    53.9697    3.45421    54.4787    2.88747    
302    54.0245    3.46246    54.5609    2.81749    
303    54.0872    3.4772    54.6298    2.76139    
304    54.651    3.46821    55.1378    2.96048    
305    54.6958    3.48355    55.2267    2.89876    
306    54.7618    3.47332    55.3076    2.84545    
307    54.7981    3.50195    55.3838    2.77654    
308    55.3717    3.48935    55.895    2.98937    
309    55.427    3.50455    55.9846    2.91606    
310    55.4743    3.51315    56.0697    2.84456    
311    55.5234    3.5339    56.1505    2.78432    
312    56.0933    3.52703    56.6586    2.98364    
313    56.1493    3.53739    56.7341    2.91928    
314    56.195    3.54688    56.8179    2.85751    
315    56.2495    3.55851    56.8807    2.80128    
316    56.823    3.55937    57.4046    2.99888    
317    56.87    3.56428    57.4726    2.93657    
318    56.9278    3.55139    57.5415    2.88017    
319    56.9823    3.56485    57.619    2.79185    
320    57.549    3.57073    58.1296    3.01152    
321    57.6013    3.57479    58.2192    2.94461    
322    57.6576    3.56532    58.2859    2.89224    
323    57.7174    3.58873    58.348    2.84175    
324    58.2743    3.58491    58.8586    3.05358    
325    58.3393    3.59136    58.9391    2.97707    
326    58.3956    3.60252    59.0161    2.90603    
327    58.4554    3.61554    59.0989    2.83685    
328    59.0182    3.60239    59.6133    3.05099    
329    59.075    3.61771    59.7059    2.98139    
330    59.1352    3.6049    59.788    2.90624    
331    59.2004    3.60716    59.8679    2.84548    
332    59.7593    3.61288    60.3793    3.05129    
333    59.8184    3.61559    60.4578    2.99181    
334    59.8672    3.61611    60.5429    2.92092    
335    59.9347    3.61533    60.6086    2.85257    
336    60.4943    3.61325    61.1022    3.07519    
337    60.542    3.64299    61.1956    3.00774    
338    60.6069    3.62637    61.2859    2.93899    
339    60.6787    3.64148    61.3539    2.88344    
340    61.245    3.63203    61.8447    3.10852    
341    61.2951    3.63992    61.9261    3.04977    
342    61.3402    3.64836    62.0104    2.98185    
343    61.407    3.66112    62.0792    2.92163    
344    61.9665    3.65219    62.5766    3.13847    
345    62.0219    3.6723    62.6647    3.07379    
346    62.077    3.67132    62.7388    3.02551    
347    62.1482    3.6716    62.8187    2.96594    
348    62.7135    3.67347    63.3375    3.15775    
349    62.7712    3.68011    63.4204    3.08932    
350    62.8374    3.68265    63.4906    3.03    
351    62.914    3.6795    63.5661    2.97053    
352    63.4627    3.67839    64.0672    3.17634    
353    63.5227    3.70021    64.1582    3.10656    
354    63.5725    3.69732    64.2395    3.03881    
355    63.6476    3.68753    64.3179    2.97657    
356    64.2    3.66687    64.8197    3.17767    
357    64.2533    3.67842    64.8996    3.11447    
358    64.3225    3.66532    64.9811    3.06028    
359    64.3864    3.67354    65.0593    2.98359    
360    64.9492    3.67226    65.5635    3.18479    
361    65.0116    3.69062    65.6449    3.12695    
362    65.0742    3.68413    65.7181    3.07411    
363    65.1546    3.65645    65.7914    3.0195    
364    65.7203    3.6561    66.3067    3.22403    
365    65.7811    3.66189    66.3895    3.15374    
366    65.852    3.64758    66.4664    3.09087    
367    65.9144    3.66008    66.5476    3.01101    
368    66.4815    3.65717    67.0653    3.22691    
369    66.5364    3.66033    67.1444    3.16146    
370    66.5884    3.65901    67.2278    3.08392    
371    66.6532    3.65177    67.3172    2.99674    
372    67.218    3.66231    67.8282    3.21366    
373    67.2737    3.68366    67.9014    3.15314    
374    67.3339    3.66985    67.9842    3.08643    
375    67.4047    3.67526    68.0559    3.02469    
376    67.968    3.67413    68.5751    3.23328    
377    68.0214    3.70307    68.6565    3.17387    
378    68.0737    3.6909    68.7348    3.11122    
379    68.1526    3.6912    68.8131    3.0411    
380    68.7255    3.68983    69.3324    3.24464    
381    68.7691    3.71495    69.4107    3.17048    
382    68.8079    3.71876    69.4986    3.0946    
383    68.8673    3.73396    69.5724    3.02415    
384    69.435    3.73696    70.0792    3.24751    
385    69.4846    3.74878    70.1553    3.17836    
386    69.555    3.72496    70.2299    3.12061    
387    69.6129    3.73181    70.3023    3.05394    
388    70.1977    3.72708    70.8238    3.25881    
389    70.2488    3.74687    70.9014    3.19309    
390    70.2885    3.75096    70.9752    3.12819    
391    70.3435    3.76697    71.0446    3.06112    
392    70.9245    3.76159    71.5587    3.27116    
393    70.9855    3.7818    71.6385    3.20083    
394    71.0468    3.77316    71.7115    3.13221    
395    71.1079    3.78126    71.7906    3.06999    
396    71.6618    3.78472    72.3056    3.28323    
397    71.7099    3.80524    72.3817    3.22191    
398    71.7532    3.80091    72.4614    3.15303    
399    71.8181    3.81576    72.5323    3.09159    
400    72.39    3.80978    73.0414    3.31512    
401    72.4397    3.84597    73.1093    3.25098    
402    72.5003    3.81361    73.1676    3.19996    
403    72.5651    3.83566    73.2444    3.13227    
404    73.1355    3.8319    73.766    3.34414    
405    73.1905    3.85428    73.8531    3.2653    
406    73.2503    3.84113    73.9292    3.20247    
407    73.3145    3.84928    74.0029    3.1249    
408    73.8788    3.83617    74.5127    3.33733    
409    73.9322    3.85732    74.5792    3.28968    
410    73.9862    3.84578    74.6589    3.21639    
411    74.0434    3.85885    74.7252    3.1485    
412    74.6152    3.85563    75.2461    3.35823    
413    74.662    3.87443    75.3162    3.29066    
414    74.7189    3.86161    75.3967    3.23221    
415    74.7883    3.88199    75.4741    3.1606    
416    75.3315    3.88537    75.9884    3.37733    
417    75.3955    3.91368    76.0718    3.307    
418    75.4667    3.90388    76.1618    3.22197    
419    75.5323    3.90948    76.2482    3.15368    
420    76.0928    3.91306    76.7505    3.36052    
421    76.1486    3.94511    76.8326    3.31061    
422    76.216    3.9431    76.9012    3.24558    
423    76.2726    3.94688    76.9734    3.18363    
424    76.8248    3.9649    77.4805    3.40837    
425    76.879    3.97503    77.5564    3.33994    
426    76.9465    3.95446    77.6273    3.29071    
427    77.0114    3.96157    77.7047    3.21472    
428    77.5658    3.96478    78.2175    3.4166    
429    77.6193    3.98433    78.3111    3.33533    
430    77.683    3.95832    78.3798    3.28153    
431    77.7427    3.9518    78.4535    3.21473    
432    78.3053    3.9656    78.9693    3.4213    
433    78.3596    3.98401    79.0549    3.34928    
434    78.43    3.96878    79.1294    3.28995    
435    78.4695    3.98123    79.2127    3.20792    
436    79.0208    3.99145    79.7263    3.41263    
437    79.0713    4.02713    79.8038    3.35504    
438    79.1365    4.00702    79.8857    3.29087    
439    79.2008    3.99758    79.9654    3.22674    
440    79.782    3.99399    80.4879    3.42253    
441    79.8318    4.01054    80.5757    3.34681    
442    79.8873    3.99934    80.665    3.28119    
443    79.9705    3.99739    80.7387    3.21058    
444    80.5417    3.99941    81.2421    3.42303    
445    80.5886    4.01871    81.3284    3.35001    
446    80.6471    3.99432    81.3925    3.28843    
447    80.7183    3.99415    81.4824    3.21214    
448    81.2858    4.00027    81.9799    3.43487    
449    81.3304    4.02897    82.0448    3.37548    
450    81.3806    4.02469    82.1288    3.3002    
451    81.4547    4.03208    82.207    3.2409    
452    82.0035    4.04686    82.7275    3.45375    
453    82.0526    4.07585    82.8021    3.40156    
454    82.1089    4.05941    82.875    3.33524    
455    82.1747    4.06091    82.9465    3.27594    
456    82.7377    4.06386    83.4574    3.49577    
457    82.7763    4.08734    83.5295    3.41913    
458    82.8379    4.06903    83.6157    3.34882    
459    82.8954    4.0809    83.6947    3.29152    
460    83.4638    4.08936    84.2167    3.49723    
461    83.5106    4.10469    84.2999    3.42276    
462    83.567    4.09772    84.3841    3.36217    
463    83.629    4.10307    84.4673    3.2929    
464    84.2063    4.11294    84.9783    3.50285    
465    84.2486    4.12344    85.0637    3.42072    
466    84.3095    4.09017    85.1306    3.35346    
467    84.394    4.08067    85.1947    3.30019    
468    84.9607    4.08703    85.7079    3.50489    
469    85.01    4.11203    85.7971    3.43052    
470    85.0632    4.10307    85.8679    3.37846    
471    85.1322    4.10886    85.9349    3.3236    
472    85.6905    4.12676    86.446    3.54197    
473    85.7382    4.14229    86.5352    3.47298    
474    85.7862    4.13369    86.6105    3.41991    
475    85.8635    4.13018    86.6753    3.37314    
476    86.4435    4.11828    87.1828    3.58738    
477    86.4935    4.13613    87.2691    3.5238    
478    86.5377    4.1415    87.3485    3.44852    
479    86.6231    4.13478    87.4368    3.36264    
480    87.1935    4.13125    87.9531    3.57567    
481    87.2404    4.15621    88.026    3.51416    
482    87.2855    4.14788    88.1115    3.44857    
483    87.3411    4.16059    88.1821    3.38497    
484    87.9232    4.1518    88.7044    3.58575    
485    87.986    4.16142    88.7913    3.51312    
486    88.0507    4.15361    88.8738    3.44625    
487    88.1002    4.16164    88.9495    3.37169    
488    88.671    4.16847    89.4586    3.58795    
489    88.721    4.18778    89.5413    3.53258    
490    88.7738    4.19886    89.6177    3.45947    
491    88.841    4.19641    89.6972    3.3905    
492    89.4202    4.19039    90.2122    3.59613    
493    89.4731    4.21095    90.2956    3.5427    
494    89.526    4.20484    90.3684    3.47477    
495    89.5732    4.2224    90.4464    3.40246    
496    90.1492    4.21677    90.9659    3.61256    
497    90.2    4.22908    91.044    3.55264    
498    90.252    4.21715    91.1285    3.47307    
499    90.3262    4.22355    91.2088    3.40989    
500    90.8992    4.21344    91.7225    3.62464    
501    90.965    4.2165    91.8153    3.54817    
502    91.0043    4.22526    91.9027    3.46179    
503    91.0574    4.2232    91.98    3.40071    
504    91.6178    4.23749    92.4961    3.62214    
505    91.6753    4.23931    92.577    3.55143    
506    91.7221    4.24299    92.6522    3.49637    
507    91.7775    4.25184    92.7309    3.43168    
508    92.3378    4.2475    93.2507    3.63975    
509    92.4095    4.23946    93.3228    3.57827    
510    92.4583    4.24134    93.4067    3.50481    
511    92.5177    4.24923    93.4824    3.43433    
512    93.0742    4.24842    94.0035    3.64007    
513    93.1213    4.26478    94.097    3.56007    
514    93.1651    4.27344    94.1726    3.48123    
515    93.2273    4.2578    94.2417    3.41673    
516    93.792    4.26361    94.7592    3.62493    
517    93.863    4.26729    94.8388    3.56454    
518    93.9159    4.27742    94.9182    3.49477    
519    93.9892    4.28575    94.9893    3.41618    
520    94.5585    4.28844    95.5121    3.63007    
521    94.6198    4.30436    95.5864    3.56688    
522    94.6787    4.30399    95.6615    3.50293    
523    94.7401    4.31913    95.735    3.43863    
524    95.307    4.30078    96.2592    3.64357    
525    95.375    4.3119    96.3341    3.57363    
526    95.4339    4.322    96.418    3.50717    
527    95.4804    4.3373    96.4826    3.43914    
528    96.0577    4.3363    97.0004    3.66391    
529    96.0951    4.37674    97.0842    3.59108    
530    96.1547    4.36834    97.1607    3.52761    
531    96.2138    4.37125    97.2262    3.47377    
532    96.789    4.3604    97.7372    3.69334    
533    96.8284    4.38798    97.7982    3.6418    
534    96.8792    4.38969    97.8754    3.58066    
535    96.943    4.40146    97.9511    3.51277    
536    97.5232    4.41461    98.4806    3.7128    
537    97.574    4.43134    98.5564    3.65333    
538    97.6413    4.41307    98.6327    3.57626    
539    97.6929    4.42212    98.709    3.5026    
540    98.2657    4.42101    99.2137    3.74084    
541    98.3227    4.43465    99.2922    3.66643    
542    98.3747    4.4382    99.3598    3.60748    
543    98.4264    4.443    99.4382    3.52768    
544    98.9857    4.44401    99.9487    3.74667    
545    99.0342    4.4549    100.03    3.68154    
546    99.0939    4.45096    100.103    3.60787    
547    99.1517    4.47297    100.182    3.54578    
548    99.7268    4.47264    100.703    3.7526    
549    99.7956    4.4761    100.799    3.67528    
550    99.8527    4.45856    100.885    3.60081    
551    99.9107    4.46357    100.956    3.53806    
552    100.477    4.47164    101.475    3.76104    
553    100.53    4.48145    101.545    3.69842    
554    100.585    4.47408    101.62    3.63466    
555    100.646    4.47203    101.684    3.58019    
556    101.209    4.47251    102.202    3.79253    
557    101.252    4.49718    102.273    3.74377    
558    101.297    4.5045    102.354    3.665    
559    101.356    4.50781    102.438    3.58974    
560    101.934    4.51114    102.966    3.7915    
561    101.995    4.5135    103.034    3.73598    
562    102.042    4.52373    103.107    3.67101    
563    102.099    4.53595    103.193    3.60057    
564    102.683    4.52639    103.71    3.80361    
565    102.734    4.55132    103.792    3.74317    
566    102.78    4.55752    103.872    3.66539    
567    102.827    4.56379    103.953    3.59005    
568    103.412    4.55974    104.468    3.80997    
569    103.459    4.58496    104.553    3.74851    
570    103.506    4.58705    104.633    3.67366    
571    103.559    4.58668    104.717    3.58554    
572    104.132    4.58473    105.236    3.78862    
573    104.188    4.5903    105.326    3.71699    
574    104.238    4.59647    105.401    3.64734    
575    104.287    4.59677    105.476    3.57413    
576    104.876    4.60132    105.999    3.78503    
577    104.929    4.60823    106.071    3.72408    
578    104.976    4.61065    106.163    3.64652    
579    105.03    4.60508    106.228    3.58659    
580    105.614    4.59511    106.735    3.80182    
581    105.665    4.61401    106.825    3.72707    
582    105.705    4.61732    106.9    3.66456    
583    105.758    4.61755    106.986    3.58556    
584    106.335    4.62621    107.496    3.80335    
585    106.4    4.61522    107.573    3.74212    
586    106.446    4.62829    107.641    3.68258    
587    106.513    4.61319    107.713    3.62393    
588    107.087    4.62322    108.228    3.82873    
589    107.134    4.64187    108.316    3.75455    
590    107.181    4.65849    108.392    3.69722    
591    107.244    4.65005    108.474    3.61162    
592    107.815    4.64903    109.001    3.81337    
593    107.882    4.64883    109.081    3.74677    
594    107.93    4.66658    109.165    3.67668    
595    108.008    4.64627    109.238    3.60874    
596    108.592    4.64505    109.757    3.80514    
597    108.647    4.65278    109.822    3.7378    
598    108.706    4.66175    109.895    3.6848    
599    108.77    4.65747    109.975    3.60923    
600    109.341    4.65892    110.508    3.81494    
601    109.382    4.68919    110.579    3.7563    
602    109.437    4.6927    110.645    3.69751    
603    109.507    4.67953    110.725    3.63891    
604    110.071    4.67923    111.244    3.84284    
605    110.146    4.68151    111.32    3.78684    
606    110.192    4.69737    111.384    3.73267    
607    110.249    4.70403    111.459    3.66971    
608    110.83    4.68979    111.976    3.88148    
609    110.896    4.71322    112.058    3.80757    
610    110.944    4.74063    112.147    3.72535    
611    110.998    4.72546    112.226    3.65242    
612    111.57    4.71666    112.743    3.87025    
613    111.62    4.73607    112.827    3.805    
614    111.675    4.75127    112.895    3.7351    
615    111.727    4.75117    112.979    3.65508    
616    112.307    4.74573    113.512    3.86273    
617    112.36    4.76306    113.589    3.79366    
618    112.404    4.78345    113.665    3.71499    
619    112.472    4.75793    113.734    3.65471    
620    113.064    4.75613    114.258    3.8801    
621    113.111    4.78025    114.335    3.80963    
622    113.162    4.80205    114.413    3.73699    
623    113.203    4.81986    114.486    3.65884    
624    113.772    4.80496    115.004    3.88922    
625    113.835    4.8363    115.081    3.82032    
626    113.884    4.84579    115.164    3.75199    
627    113.943    4.84919    115.245    3.68135    
628    114.524    4.82442    115.767    3.90373    
629    114.583    4.85104    115.855    3.82559    
630    114.624    4.87918    115.932    3.7621    
631    114.666    4.88499    116.007    3.69722    
632    115.233    4.87659    116.545    3.90086    
633    115.29    4.89712    116.637    3.81076    
634    115.346    4.91446    116.715    3.7544    
635    115.412    4.8923    116.788    3.69199    
636    116.005    4.89116    117.322    3.90375    
637    116.062    4.8863    117.391    3.8424    
638    116.104    4.91133    117.472    3.77509    
639    116.154    4.91707    117.546    3.70597    
640    116.738    4.90297    118.068    3.92413    
641    116.801    4.916    118.151    3.84596    
642    116.862    4.92119    118.231    3.77158    
643    116.917    4.91652    118.307    3.70001    
644    117.499    4.89902    118.844    3.90068    
645    117.563    4.90882    118.923    3.82257    
646    117.62    4.90532    118.994    3.75126    
647    117.665    4.91604    119.062    3.67782    
648    118.248    4.90651    119.586    3.8845    
649    118.306    4.92455    119.669    3.81178    
650    118.358    4.93119    119.742    3.73312    
651    118.422    4.91721    119.814    3.66741    
652    119.006    4.90032    120.342    3.88551    
653    119.048    4.93262    120.419    3.82079    
654    119.101    4.93484    120.49    3.75948    
655    119.159    4.93901    120.561    3.68144    
656    119.739    4.92048    121.086    3.88588    
657    119.777    4.94652    121.167    3.81032    
658    119.837    4.94791    121.237    3.74853    
659    119.884    4.95813    121.309    3.68118    
660    120.465    4.95211    121.841    3.88785    
661    120.508    4.9723    121.919    3.82084    
662    120.552    4.99672    121.991    3.76554    
663    120.606    4.99531    122.062    3.70266    
664    121.173    4.98025    122.574    3.92851    
665    121.225    4.99558    122.655    3.86479    
666    121.273    5.00379    122.736    3.79777    
667    121.328    5.00901    122.819    3.72635    
668    121.912    4.98215    123.339    3.94573    
669    121.979    4.98255    123.42    3.86995    
670    122.036    4.99739    123.495    3.79651    
671    122.088    5.00315    123.557    3.75011    
672    122.673    4.98567    124.078    3.95591    
673    122.724    4.994    124.147    3.89797    
674    122.778    5.00145    124.226    3.81599    
675    122.834    4.99572    124.295    3.74553    
676    123.405    4.98163    124.82    3.95746    
677    123.453    5.00579    124.894    3.88661    
678    123.521    5.00127    124.98    3.8217    
679    123.58    5.0001    125.057    3.74895    
680    124.16    4.98058    125.6    3.94418    
681    124.207    5.00769    125.689    3.86783    
682    124.255    5.02916    125.764    3.80913    
683    124.307    5.04317    125.836    3.74774    
684    124.877    5.01125    126.353    3.95757    
685    124.924    5.03331    126.436    3.89521    
686    124.979    5.04761    126.504    3.83358    
687    125.021    5.05619    126.579    3.75773    
688    125.594    5.0462    127.099    3.98659    
689    125.643    5.0683    127.178    3.9105    
690    125.699    5.09066    127.261    3.82899    
691    125.754    5.10855    127.346    3.75411    
692    126.342    5.07101    127.863    3.97266    
693    126.382    5.10583    127.948    3.8951    
694    126.438    5.11978    128.031    3.82218    
695    126.492    5.13417    128.111    3.74257    
696    127.06    5.1224    128.631    3.95318    
697    127.116    5.13282    128.711    3.8768    
698    127.169    5.15597    128.793    3.79643    
699    127.213    5.15729    128.863    3.741    
700    127.796    5.13659    129.394    3.95139    
701    127.862    5.14941    129.473    3.87612    
702    127.906    5.17038    129.559    3.7865    
703    127.955    5.17959    129.636    3.71623    
704    128.542    5.16801    130.173    3.92257    
705    128.61    5.15634    130.251    3.85352    
706    128.664    5.16655    130.327    3.78305    
707    128.705    5.18207    130.405    3.71229    
708    129.292    5.15676    130.924    3.92172    
709    129.354    5.16379    131.019    3.84369    
710    129.39    5.20189    131.088    3.78128    
711    129.441    5.21365    131.154    3.71525    
712    130.031    5.17978    131.687    3.91421    
713    130.109    5.16188    131.764    3.85034    
714    130.144    5.19001    131.851    3.76974    
715    130.184    5.19763    131.917    3.70706    
716    130.769    5.17346    132.439    3.9166    
717    130.831    5.18503    132.51    3.85518    
718    130.879    5.20984    132.585    3.79434    
719    130.938    5.20451    132.651    3.72225    
720    131.514    5.19431    133.184    3.92197    
721    131.579    5.19107    133.268    3.86514    
722    131.639    5.20892    133.355    3.7735    
723    131.707    5.18956    133.432    3.70697    
724    132.283    5.18307    133.967    3.91114    
725    132.345    5.19245    134.052    3.83859    
726    132.403    5.18627    134.127    3.77309    
727    132.468    5.17874    134.207    3.6956    
728    133.053    5.17208    134.719    3.91122    
729    133.122    5.18052    134.788    3.86161    
730    133.182    5.18813    134.864    3.78607    
731    133.233    5.16634    134.944    3.71544    
732    133.803    5.15747    135.468    3.93356    
733    133.865    5.16178    135.532    3.87281    
734    133.94    5.16619    135.613    3.80859    
735    133.989    5.17187    135.691    3.73553    
736    134.57    5.16062    136.216    3.95065    
737    134.621    5.16283    136.284    3.89697    
738    134.661    5.19827    136.354    3.83027    
739    134.7    5.20168    136.426    3.7661    
740    135.285    5.197    136.957    3.97439    
741    135.343    5.20577    137.044    3.88881    
742    135.396    5.22979    137.122    3.81365    
743    135.436    5.22749    137.188    3.7517    
744    136.024    5.21615    137.729    3.95809    
745    136.079    5.22032    137.795    3.89413    
746    136.115    5.25848    137.881    3.81354    
747    136.168    5.23447    137.956    3.73734    
748    136.762    5.20217    138.501    3.95767    
749    136.815    5.21654    138.576    3.88187    
750    136.855    5.25851    138.648    3.82443    
751    136.918    5.23342    138.717    3.75998    
752    137.499    5.21755    139.263    3.96292    
753    137.563    5.2219    139.34    3.89191    
754    137.607    5.25043    139.416    3.80538    
755    137.652    5.24265    139.476    3.75451    
756    138.238    5.22246    140.022    3.96603    
757    138.3    5.23009    140.098    3.89668    
758    138.341    5.24955    140.177    3.82454    
759    138.391    5.25188    140.243    3.75901    
760    138.966    5.23539    140.797    3.95502    
761    139.021    5.25001    140.873    3.88322    
762    139.064    5.26585    140.943    3.8157    
763    139.117    5.26256    141.034    3.72646    
764    139.699    5.23745    141.591    3.91684    
765    139.756    5.24373    141.662    3.86162    
766    139.811    5.25972    141.732    3.79971    
767    139.869    5.25082    141.803    3.73164    
768    140.459    5.23303    142.339    3.94977    
769    140.512    5.24598    142.417    3.88118    
770    140.549    5.28985    142.489    3.80853    
771    140.587    5.2972    142.554    3.75104    
772    141.169    5.28758    143.11    3.95261    
773    141.226    5.29566    143.183    3.88651    
774    141.275    5.32208    143.255    3.80816    
775    141.319    5.31897    143.334    3.73197    
776    141.918    5.2817    143.882    3.92299    
777    141.979    5.29557    143.95    3.85617    
778    142.03    5.33869    144.018    3.77935    
779    142.065    5.34114    144.088    3.69908    
780    142.668    5.31316    144.63    3.90556    
781    142.721    5.33637    144.707    3.82902    
782    142.764    5.36634    144.779    3.76238    
783    142.815    5.35504    144.846    3.69886    
784    143.383    5.34095    145.386    3.90291    
785    143.445    5.34962    145.461    3.83866    
786    143.505    5.37962    145.532    3.76333    
787    143.55    5.3858    145.6    3.6906    
788    144.141    5.34648    146.141    3.89082    
789    144.197    5.36389    146.212    3.83252    
790    144.244    5.39784    146.282    3.77041    
791    144.306    5.37328    146.356    3.70556    
792    144.882    5.36909    146.9    3.90788    
793    144.935    5.37887    146.967    3.85762    
794    144.969    5.42144    147.04    3.79598    
795    145.005    5.43406    147.101    3.74247    
796    145.593    5.4093    147.634    3.95295    
797    145.649    5.42921    147.709    3.89003    
798    145.692    5.45504    147.79    3.81155    
799    145.731    5.45486    147.86    3.75287    
800    146.317    5.41462    148.403    3.95175    
801    146.366    5.4485    148.475    3.87895    
802    146.411    5.48597    148.53    3.83201    
803    146.461    5.49089    148.6    3.75794    
804    147.043    5.46198    149.127    3.9739    
805    147.092    5.48949    149.203    3.89379    
806    147.134    5.52329    149.273    3.82706    
807    147.185    5.52162    149.352    3.76113    
808    147.764    5.50929    149.881    3.96646    
809    147.833    5.5161    149.963    3.89983    
810    147.872    5.54175    150.042    3.82897    
811    147.934    5.5465    150.128    3.75088    
812    148.514    5.51506    150.673    3.95158    
813    148.564    5.52829    150.752    3.89264    
814    148.611    5.55252    150.828    3.82917    
815    148.645    5.5646    150.89    3.76916    
816    149.237    5.52618    151.435    3.98303    
817    149.294    5.54862    151.504    3.92239    
818    149.344    5.56235    151.58    3.8516    
819    149.384    5.56919    151.642    3.79887    
820    149.963    5.54946    152.183    3.99309    
821    150.026    5.5641    152.266    3.91466    
822    150.089    5.57998    152.355    3.84059    
823    150.148    5.57805    152.419    3.77936    
824    150.735    5.52633    152.964    3.95769    
825    150.796    5.54608    153.05    3.88525    
826    150.843    5.57475    153.125    3.80667    
827    150.908    5.56578    153.193    3.74049    
828    151.482    5.53497    153.734    3.93622    
829    151.537    5.56735    153.814    3.86364    
830    151.576    5.60319    153.882    3.81243    
831    151.621    5.5963    153.956    3.75356    
832    152.213    5.57012    154.494    3.93929    
833    152.267    5.59101    154.578    3.85449    
834    152.313    5.61426    154.652    3.78599    
835    152.349    5.61835    154.731    3.71376    
836    152.932    5.58497    155.269    3.91514    
837    153.002    5.58356    155.343    3.84948    
838    153.056    5.60092    155.425    3.77966    
839    153.102    5.60502    155.489    3.71325    
840    153.672    5.59073    156.046    3.90694    
841    153.743    5.59887    156.113    3.84531    
842    153.804    5.61201    156.177    3.78597    
843    153.848    5.62665    156.256    3.70764    
844    154.428    5.60982    156.795    3.91379    
845    154.472    5.63473    156.879    3.83245    
846    154.521    5.6709    156.948    3.76903    
847    154.565    5.67775    157.014    3.7063    
848    155.149    5.66236    157.546    3.91075    
849    155.204    5.67091    157.621    3.85142    
850    155.252    5.69751    157.688    3.79056    
851    155.301    5.68437    157.766    3.71649    
852    155.894    5.64854    158.311    3.92468    
853    155.94    5.66864    158.401    3.82992    
854    155.981    5.69889    158.483    3.763    
855    156.023    5.70497    158.556    3.69717    
856    156.602    5.69321    159.104    3.89303    
857    156.654    5.70018    159.177    3.82725    
858    156.688    5.73334    159.253    3.75677    
859    156.743    5.72933    159.308    3.70208    
860    157.334    5.69654    159.849    3.90864    
861    157.388    5.70543    159.927    3.83509    
862    157.421    5.73484    160.009    3.763    
863    157.463    5.75362    160.067    3.70751    
864    158.053    5.72029    160.599    3.90664    
865    158.117    5.73304    160.68    3.84414    
866    158.163    5.74965    160.758    3.77388    
867    158.209    5.75727    160.824    3.71445    
868    158.806    5.73504    161.363    3.9252    
869    158.857    5.72566    161.435    3.85548    
870    158.904    5.76137    161.505    3.79746    
871    158.953    5.76855    161.573    3.72622    
872    159.545    5.74449    162.128    3.90917    
873    159.6    5.74475    162.208    3.83791    
874    159.658    5.75405    162.272    3.78251    
875    159.714    5.77209    162.348    3.71887    
876    160.311    5.74645    162.888    3.91593    
877    160.361    5.76798    162.973    3.83979    
878    160.409    5.78669    163.051    3.76411    
879    160.461    5.79034    163.12    3.70312    
880    161.048    5.76038    163.675    3.90168    
881    161.101    5.77289    163.743    3.84358    
882    161.143    5.78916    163.808    3.78287    
883    161.199    5.79745    163.878    3.71158    
884    161.793    5.76862    164.436    3.91059    
885    161.837    5.78575    164.511    3.82858    
886    161.899    5.79805    164.571    3.77982    
887    161.957    5.79702    164.634    3.72008    
888    162.555    5.76288    165.193    3.92225    
889    162.603    5.76352    165.272    3.84967    
890    162.646    5.78315    165.343    3.78619    
891    162.694    5.77422    165.422    3.70325    
892    163.289    5.75015    165.973    3.90053    
893    163.349    5.76394    166.043    3.83683    
894    163.401    5.80169    166.126    3.75333    
895    163.454    5.81034    166.205    3.67053    
896    164.044    5.79263    166.761    3.86908    
897    164.098    5.7973    166.829    3.80794    
898    164.143    5.8208    166.899    3.74407    
899    164.204    5.81268    166.958    3.68576    
900    164.784    5.78855    167.522    3.88204    
901    164.832    5.78605    167.593    3.81534    
902    164.871    5.82046    167.656    3.76651    
903    164.921    5.82521    167.726    3.69568    
904    165.518    5.79771    168.289    3.897    
905    165.584    5.80273    168.363    3.82135    
906    165.607    5.83688    168.44    3.74801    
907    165.678    5.82778    168.51    3.67008    
908    166.26    5.81546    169.061    3.86536    
909    166.321    5.83114    169.127    3.79671    
910    166.356    5.84926    169.199    3.72321    
911    166.407    5.84867    169.262    3.66373    
912    166.996    5.8299    169.827    3.845    
913    167.062    5.83114    169.895    3.786    
914    167.091    5.86628    169.961    3.72532    
915    167.153    5.86011    170.024    3.66686    
916    167.729    5.84911    170.587    3.85895    
917    167.805    5.84934    170.661    3.78265    
918    167.856    5.88203    170.727    3.71623    
919    167.934    5.86566    170.792    3.65228    
920    168.507    5.86134    171.351    3.84148    
921    168.583    5.84553    171.417    3.78369    
922    168.624    5.86969    171.492    3.71925    
923    168.682    5.88768    171.557    3.65971    
924    169.267    5.8663    172.111    3.85346    
925    169.326    5.87683    172.185    3.79896    
926    169.347    5.92115    172.243    3.74474    
927    169.41    5.92395    172.312    3.68702    
928    169.989    5.89199    172.876    3.8703    
929    170.052    5.89497    172.958    3.79272    
930    170.095    5.92803    173.026    3.74669    
931    170.155    5.94383    173.09    3.68112    
932    170.731    5.93509    173.656    3.8593    
933    170.784    5.95199    173.716    3.8109    
934    170.819    5.99642    173.783    3.74652    
935    170.887    5.98137    173.835    3.6949    
936    171.464    5.95374    174.395    3.85601    
937    171.527    5.95604    174.466    3.80048    
938    171.587    5.96931    174.544    3.73487    
939    171.66    5.9547    174.605    3.67624    
940    172.24    5.93681    175.167    3.8565    
941    172.305    5.93546    175.245    3.79591    
942    172.331    5.97459    175.322    3.73373    
943    172.401    5.96763    175.387    3.67879    
944    172.958    5.96006    175.959    3.86055    
945    173.029    5.95053    176.026    3.80087    
946    173.066    5.97535    176.083    3.7536    
947    173.124    5.98094    176.146    3.69627    
948    173.699    5.96217    176.703    3.87764    
949    173.767    5.95771    176.779    3.82028    
950    173.807    5.97305    176.839    3.77541    
951    173.884    5.9728    176.908    3.71002    
952    174.456    5.96491    177.479    3.87118    
953    174.523    5.94949    177.568    3.802    
954    174.559    5.98285    177.626    3.74986    
955    174.616    5.99691    177.689    3.68029    
956    175.19    5.98508    178.265    3.84294    
957    175.262    5.98128    178.338    3.77581    
958    175.301    6.01628    178.406    3.71655    
959    175.362    6.01687    178.47    3.65143    
960    175.939    6.00454    179.04    3.81897    
961    176.001    6.01091    179.11    3.76934    
962    176.04    6.02715    179.18    3.71365    
963    176.113    6.02604    179.244    3.65033    
964    176.698    6.00415    179.824    3.80024    
965    176.763    5.99971    179.894    3.74174    
966    176.8    6.03146    179.968    3.68651    
967    176.858    6.02534    180.025    3.63676    
968    177.436    6.01132    180.609    3.78774    
969    177.504    6.00657    180.683    3.72755    
970    177.55    6.03464    180.749    3.67383    
971    177.607    6.04517    180.808    3.62591    
972    178.181    6.02623    181.384    3.77072    
973    178.253    6.0094    181.445    3.7272    
974    178.285    6.0412    181.517    3.6659    
975    178.361    6.0479    181.57    3.62042    
976    178.934    6.02705    182.156    3.75337    
977    178.995    6.02755    182.217    3.71243    
978    179.031    6.05446    182.272    3.67455    
979    179.094    6.06098    182.324    3.6291    
980    179.685    6.03917    182.905    3.77959    
981    179.747    6.03033    182.971    3.73928    
982    179.78    6.0669    183.04    3.68743    
983    179.847    6.07417    183.09    3.65662    
984    180.431    6.05346    183.688    3.78261    
985    180.492    6.05621    183.756    3.72963    
986    180.52    6.09587    183.811    3.68194    
987    180.585    6.09667    183.862    3.64327    
988    181.167    6.08373    184.469    3.78081    
989    181.237    6.06537    184.537    3.7342    
990    181.271    6.08374    184.583    3.69541    
991    181.322    6.10263    184.624    3.66794    
992    181.899    6.09067    185.229    3.79608    
993    181.965    6.07819    185.3    3.74087    
994    182.012    6.08553    185.349    3.70244    
995    182.075    6.09927    185.39    3.66808    
996    182.656    6.0659    186    3.78439    
997    182.72    6.06749    186.064    3.73753    
998    182.752    6.08935    186.112    3.70401    
999    182.82    6.09631    186.145    3.68443    
1000    183.401    6.05069    186.768    3.7864    
