10    0    0    0    0    
11    0    0    0    0    
12    0    0    0    0    
13    0    0    0    0    
14    0    0    0    0    
15    0    0    0    0    
16    0    0    0    0    
17    0    0    0    0    
18    0    0    0    0    
19    0    0    0    0    
20    0.5985    0.458894    0.602562    0.45608    
21    0.592381    0.462029    0.622444    0.449968    
22    0.5985    0.461851    0.632858    0.446379    
23    0.595912    0.463796    0.655578    0.437586    
24    0.601833    0.463431    0.67735    0.427858    
25    0.60096    0.464742    0.694388    0.419298    
26    0.598078    0.466471    0.714264    0.408186    
27    0.600889    0.466673    0.729407    0.398847    
28    0.603643    0.466817    0.743603    0.389353    
29    0.606345    0.466905    0.748335    0.38602    
30    0.605134    0.467969    0.758744    0.378376    
31    0.603871    0.468989    0.763475    0.374754    
32    0.598688    0.470928    0.771991    0.367991    
33    0.599272    0.471389    0.780506    0.3609    
34    0.605647    0.470369    0.789967    0.352612    
35    0.609085    0.47002    0.793751    0.34917    
36    0.613472    0.469365    0.802264    0.341145    
37    0.610054    0.470767    0.810777    0.332708    
38    0.608552    0.471619    0.814561    0.328818    
39    0.609948    0.471693    0.821181    0.32179    
40    1.36515    0.678796    1.42296    0.669101    
41    1.36214    0.675218    1.43716    0.662155    
42    1.35714    0.680726    1.45893    0.657155    
43    1.36635    0.682276    1.47217    0.647988    
44    1.38123    0.682819    1.49204    0.636287    
45    1.37504    0.688264    1.51286    0.626466    
46    1.38409    0.690893    1.528    0.618257    
47    1.37968    0.689786    1.54881    0.596482    
48    1.37904    0.691595    1.56394    0.580787    
49    1.38602    0.683301    1.57908    0.570556    
50    1.37568    0.689616    1.5961    0.555928    
51    1.37296    0.696475    1.60461    0.548268    
52    1.37789    0.697388    1.61785    0.535302    
53    1.37796    0.699152    1.63014    0.518627    
54    1.38763    0.701742    1.64622    0.504747    
55    1.3886    0.700908    1.65757    0.494081    
56    1.39243    0.704257    1.66797    0.487086    
57    1.39719    0.703677    1.67554    0.479427    
58    1.3971    0.69739    1.68972    0.465833    
59    1.39988    0.695269    1.70296    0.453952    
60    2.1945    0.862737    2.30961    0.790383    
61    2.19069    0.866454    2.32286    0.787825    
62    2.18776    0.871356    2.34463    0.779605    
63    2.18762    0.868508    2.35976    0.76946    
64    2.19314    0.873157    2.3749    0.75652    
65    2.19289    0.874443    2.39192    0.747788    
66    2.19927    0.871944    2.408    0.732534    
67    2.19606    0.885044    2.42314    0.727819    
68    2.1947    0.890178    2.43638    0.716723    
69    2.19809    0.890163    2.44772    0.705429    
70    2.19664    0.885982    2.46474    0.687788    
71    2.19324    0.891664    2.47231    0.684033    
72    2.18979    0.892147    2.48555    0.676565    
73    2.1863    0.895676    2.49595    0.670632    
74    2.19332    0.892384    2.51013    0.659623    
75    2.18304    0.906585    2.52242    0.647188    
76    2.18232    0.908655    2.53187    0.636434    
77    2.18925    0.909496    2.54321    0.626252    
78    2.19231    0.906344    2.55644    0.609256    
79    2.18476    0.906781    2.57251    0.598009    
80    2.99725    1.05626    3.14802    0.918623    
81    2.99825    1.06517    3.16977    0.90263    
82    2.99824    1.06441    3.18302    0.895672    
83    3.01533    1.06203    3.21044    0.879059    
84    3.02    1.06266    3.22935    0.866688    
85    3.03226    1.05346    3.24732    0.855761    
86    3.03877    1.04937    3.26056    0.848257    
87    3.04047    1.04562    3.28136    0.833323    
88    3.04595    1.04291    3.29932    0.814242    
89    3.04567    1.04816    3.3135    0.804378    
90    3.03962    1.05434    3.33146    0.78954    
91    3.04978    1.05474    3.34659    0.775259    
92    3.05513    1.0546    3.36643    0.755385    
93    3.05471    1.04935    3.38062    0.749476    
94    3.04468    1.05093    3.39385    0.738512    
95    3.04994    1.04816    3.40425    0.732416    
96    3.05325    1.04656    3.42127    0.725119    
97    3.05654    1.05196    3.43545    0.719115    
98    3.06747    1.04458    3.44774    0.709349    
99    3.07646    1.03917    3.46191    0.69626    
100    3.8836    1.18037    4.03846    1.02449    
101    3.88847    1.18651    4.05831    1.01012    
102    3.88571    1.19468    4.08101    1.00193    
103    3.89622    1.19048    4.09898    0.991518    
104    3.89432    1.18906    4.11977    0.972794    
105    3.9019    1.18308    4.1434    0.95641    
106    3.90089    1.18654    4.16326    0.947349    
107    3.90079    1.19029    4.17744    0.933484    
108    3.90065    1.18176    4.19256    0.922133    
109    3.90238    1.18306    4.2143    0.908742    
110    3.92223    1.16227    4.23131    0.892531    
111    3.93633    1.15173    4.24454    0.878682    
112    3.93416    1.15734    4.25966    0.866478    
113    3.94821    1.15615    4.271    0.859114    
114    3.94981    1.14868    4.28612    0.848265    
115    3.95809    1.14319    4.29841    0.83925    
116    3.96347    1.13917    4.31447    0.826471    
117    3.95829    1.13999    4.32864    0.813368    
118    3.95596    1.14245    4.34376    0.801889    
119    3.95264    1.14219    4.35415    0.791683    
120    4.7481    1.28156    4.95162    1.11928    
121    4.74256    1.28981    4.97337    1.11197    
122    4.73698    1.30007    4.99228    1.10442    
123    4.74658    1.29581    5.00646    1.0916    
124    4.76758    1.29074    5.02441    1.07657    
125    4.77047    1.29441    5.0471    1.06175    
126    4.78095    1.28675    5.0622    1.04095    
127    4.78093    1.28091    5.07827    1.0292    
128    4.77516    1.28078    5.09434    1.0188    
129    4.7827    1.27051    5.11039    1.00003    
130    4.78163    1.26131    5.12551    0.991435    
131    4.78149    1.25091    5.1463    0.972831    
132    4.79373    1.23915    5.1652    0.961733    
133    4.80212    1.24717    5.18598    0.942615    
134    4.79905    1.24953    5.20109    0.924547    
135    4.80167    1.25688    5.22187    0.905809    
136    4.80904    1.24915    5.23226    0.898592    
137    4.81449    1.24287    5.24548    0.878947    
138    4.82279    1.23681    5.2587    0.86691    
139    4.83393    1.2257    5.27192    0.855558    
140    5.64775    1.36749    5.85814    1.18477    
141    5.65081    1.36307    5.87798    1.16904    
142    5.64908    1.37202    5.90255    1.15223    
143    5.65114    1.37779    5.9224    1.13997    
144    5.64555    1.38255    5.94224    1.12563    
145    5.6599    1.38387    5.9583    1.11009    
146    5.65711    1.38973    5.98003    1.09172    
147    5.66191    1.38475    5.99893    1.07966    
148    5.66668    1.3771    6.01688    1.06872    
149    5.66952    1.36533    6.03011    1.06186    
150    5.67329    1.3585    6.04712    1.05097    
151    5.67417    1.35589    6.05846    1.04261    
152    5.68648    1.3435    6.07641    1.03109    
153    5.68828    1.33576    6.08774    1.02221    
154    5.70723    1.32282    6.1057    1.01612    
155    5.72235    1.31576    6.11892    1.00779    
156    5.72026    1.31057    6.13403    0.993866    
157    5.71529    1.30915    6.14913    0.973996    
158    5.72654    1.30613    6.16612    0.95531    
159    5.72438    1.31207    6.18028    0.936027    
160    6.56165    1.44408    6.777    1.262    
161    6.56284    1.44481    6.79212    1.25008    
162    6.56021    1.44966    6.81196    1.2389    
163    6.56325    1.46107    6.83654    1.22911    
164    6.56055    1.45656    6.85544    1.21982    
165    6.55594    1.45437    6.87434    1.21019    
166    6.5589    1.44644    6.88945    1.19426    
167    6.55804    1.4407    6.91589    1.17137    
168    6.57714    1.43536    6.93572    1.15274    
169    6.57242    1.43314    6.94894    1.14436    
170    6.56672    1.43112    6.96784    1.13168    
171    6.56766    1.43432    6.98295    1.12455    
172    6.56763    1.43332    6.99806    1.11156    
173    6.56567    1.43343    7.016    1.09185    
174    6.57227    1.43069    7.03205    1.07726    
175    6.57789    1.42306    7.04809    1.06217    
176    6.59304    1.40565    7.06509    1.05009    
177    6.60246    1.39607    7.08114    1.03582    
178    6.60421    1.40816    7.09719    1.02026    
179    6.59735    1.41739    7.11795    0.999613    
180    7.41665    1.56056    7.72798    1.30697    
181    7.42261    1.55449    7.74971    1.29628    
182    7.41998    1.56164    7.76672    1.28477    
183    7.4259    1.56369    7.78749    1.26598    
184    7.43369    1.56246    7.80165    1.24884    
185    7.43005    1.56977    7.8281    1.22913    
186    7.43019    1.56593    7.8451    1.21957    
187    7.43316    1.56618    7.86399    1.20775    
188    7.43993    1.55989    7.87437    1.19436    
189    7.44381    1.55527    7.89138    1.18611    
190    7.4429    1.56031    7.91404    1.1667    
191    7.44581    1.55762    7.92725    1.15265    
192    7.44009    1.56122    7.93857    1.13806    
193    7.45439    1.55223    7.95651    1.12369    
194    7.45054    1.55198    7.96783    1.1109    
195    7.45335    1.55276    7.98577    1.09734    
196    7.45805    1.54789    8.0037    1.07827    
197    7.45987    1.54591    8.01691    1.06447    
198    7.47599    1.53749    8.03107    1.04939    
199    7.48447    1.53349    8.04426    1.02528    
200    8.2992    1.68808    8.65059    1.34643    
201    8.30043    1.68918    8.67042    1.33329    
202    8.31017    1.68162    8.67986    1.32199    
203    8.31231    1.68581    8.69781    1.31316    
204    8.32394    1.6806    8.71197    1.3025    
205    8.32317    1.68036    8.72801    1.2823    
206    8.31478    1.69403    8.73934    1.27402    
207    8.31969    1.68709    8.74973    1.26619    
208    8.316    1.68559    8.76672    1.25292    
209    8.32373    1.68576    8.79032    1.23309    
210    8.33523    1.67402    8.80541    1.21494    
211    8.34007    1.67183    8.82619    1.20167    
212    8.34584    1.66731    8.84317    1.18512    
213    8.35826    1.66283    8.85167    1.18006    
214    8.35924    1.665    8.87621    1.16199    
215    8.37164    1.65606    8.89131    1.14627    
216    8.36589    1.65269    8.90451    1.12997    
217    8.36968    1.64503    8.92528    1.1177    
218    8.36389    1.64271    8.93754    1.10225    
219    8.36764    1.64167    8.95358    1.08648    
220    9.215    1.78578    9.55618    1.40574    
221    9.22386    1.78903    9.57884    1.38864    
222    9.22507    1.78652    9.60717    1.36703    
223    9.22628    1.78349    9.62604    1.34905    
224    9.23127    1.78054    9.64304    1.34021    
225    9.22863    1.77944    9.66382    1.32644    
226    9.21741    1.78885    9.67892    1.31517    
227    9.2233    1.78278    9.69874    1.30106    
228    9.23297    1.77524    9.7148    1.29281    
229    9.2312    1.7699    9.73179    1.28097    
230    9.2418    1.75649    9.75065    1.25698    
231    9.24952    1.7526    9.76292    1.24802    
232    9.25819    1.7496    9.77803    1.23918    
233    9.26684    1.74761    9.79784    1.22248    
234    9.26689    1.73621    9.81294    1.20781    
235    9.26407    1.74029    9.83274    1.18565    
236    9.27172    1.7342    9.85161    1.16663    
237    9.28221    1.72452    9.86387    1.15584    
238    9.27934    1.72337    9.87896    1.14103    
239    9.28217    1.71937    9.88933    1.12571    
240    10.146    1.82818    10.4929    1.42855    
241    10.1454    1.8323    10.5127    1.41369    
242    10.1343    1.83731    10.5278    1.40171    
243    10.1307    1.83523    10.5505    1.38602    
244    10.13    1.83536    10.5703    1.37172    
245    10.1379    1.83676    10.5911    1.35526    
246    10.1448    1.82536    10.6099    1.34723    
247    10.1364    1.83256    10.6279    1.33338    
248    10.1413    1.82775    10.6477    1.32492    
249    10.1463    1.82441    10.6666    1.31183    
250    10.1502    1.81715    10.6807    1.30372    
251    10.158    1.81502    10.6977    1.28964    
252    10.1543    1.81538    10.7128    1.28121    
253    10.1544    1.81489    10.7317    1.26303    
254    10.163    1.80765    10.7468    1.24614    
255    10.1593    1.79943    10.7638    1.22977    
256    10.1584    1.78938    10.7817    1.2122    
257    10.1584    1.78683    10.7968    1.18949    
258    10.167    1.78354    10.8081    1.18261    
259    10.1718    1.78107    10.8194    1.16946    
260    11.0342    1.8959    11.4212    1.47592    
261    11.0384    1.89426    11.44    1.46392    
262    11.0358    1.89539    11.4693    1.43312    
263    11.0447    1.89204    11.4929    1.4181    
264    11.0459    1.89725    11.5165    1.40572    
265    11.0538    1.89297    11.5391    1.39005    
266    11.0673    1.87867    11.5618    1.36608    
267    11.0533    1.88633    11.5759    1.35558    
268    11.0497    1.87014    11.5948    1.34178    
269    11.0527    1.86412    11.6127    1.32931    
270    11.0519    1.86269    11.6231    1.31673    
271    11.0626    1.85521    11.6344    1.30541    
272    11.0608    1.86408    11.6561    1.28968    
273    11.0495    1.86906    11.6721    1.26579    
274    11.0506    1.8675    11.69    1.25214    
275    11.0583    1.85778    11.7042    1.23481    
276    11.0584    1.85528    11.7155    1.2161    
277    11.0604    1.85218    11.7315    1.19366    
278    11.0576    1.85472    11.7475    1.17813    
279    11.0662    1.84929    11.7654    1.16998    
280    11.9121    1.97426    12.3644    1.47827    
281    11.9171    1.97595    12.3833    1.46333    
282    11.925    1.9707    12.4012    1.44704    
283    11.9206    1.97853    12.4154    1.43323    
284    11.9171    1.979    12.4333    1.41928    
285    11.9202    1.97522    12.4531    1.41249    
286    11.9328    1.9671    12.4701    1.40093    
287    11.933    1.96012    12.4956    1.38239    
288    11.9209    1.96672    12.5154    1.36736    
289    11.9192    1.96666    12.538    1.34301    
290    11.9356    1.95985    12.5588    1.32301    
291    11.9415    1.96612    12.5691    1.3083    
292    11.9416    1.96696    12.5823    1.2944    
293    11.9389    1.96877    12.5955    1.28578    
294    11.9324    1.96787    12.6125    1.27606    
295    11.9392    1.96767    12.6257    1.26061    
296    11.9478    1.9614    12.6427    1.25172    
297    11.9584    1.95318    12.655    1.23991    
298    11.9633    1.9455    12.6747    1.21233    
299    11.9624    1.9529    12.687    1.19611    
300    12.8041    2.06748    13.2927    1.51819    
301    12.8054    2.07612    13.3153    1.49588    
302    12.8133    2.06124    13.3323    1.48896    
303    12.8155    2.05544    13.3474    1.47349    
304    12.8092    2.05966    13.3719    1.45259    
305    12.8075    2.0626    13.3927    1.43185    
306    12.8106    2.06472    13.4163    1.42072    
307    12.8204    2.0524    13.4323    1.4115    
308    12.8111    2.04906    13.4606    1.3919    
309    12.8047    2.05234    13.4823    1.37627    
310    12.8068    2.05929    13.5096    1.34647    
311    12.807    2.05915    13.5257    1.33209    
312    12.81    2.05642    13.5436    1.31208    
313    12.814    2.05061    13.5586    1.29887    
314    12.8208    2.04481    13.5737    1.28327    
315    12.8248    2.04473    13.5907    1.27021    
316    12.8239    2.03878    13.6124    1.24565    
317    12.8383    2.02587    13.6284    1.22497    
318    12.8518    2.02044    13.6425    1.20521    
319    12.8471    2.01214    13.651    1.18846    
320    13.7132    2.10992    14.2672    1.50174    
321    13.7031    2.1214    14.2927    1.4892    
322    13.7035    2.11485    14.3078    1.48392    
323    13.6971    2.11572    14.3191    1.4684    
324    13.7022    2.11746    14.3332    1.45446    
325    13.6987    2.1261    14.3568    1.44035    
326    13.7028    2.13077    14.3766    1.41994    
327    13.7097    2.14019    14.4001    1.39764    
328    13.7185    2.13399    14.4143    1.37763    
329    13.7149    2.14174    14.4322    1.36107    
330    13.7066    2.14504    14.4482    1.33989    
331    13.7058    2.14483    14.4567    1.3346    
332    13.7098    2.14185    14.4727    1.32549    
333    13.7091    2.13654    14.4802    1.31635    
334    13.7245    2.1289    14.4934    1.30707    
335    13.7265    2.12538    14.501    1.30047    
336    13.7267    2.13202    14.5132    1.28606    
337    13.7316    2.12819    14.5283    1.27923    
338    13.7422    2.12239    14.5387    1.2711    
339    13.7423    2.12692    14.5509    1.25516    
340    14.6091    2.20033    15.1824    1.57644    
341    14.6056    2.19748    15.2012    1.56377    
342    14.6117    2.18896    15.2239    1.54885    
343    14.6101    2.19527    15.2418    1.53528    
344    14.6085    2.1958    15.2493    1.52772    
345    14.6031    2.20309    15.2691    1.50817    
346    14.6082    2.20851    15.288    1.49441    
347    14.6122    2.20526    15.3096    1.47281    
348    14.623    2.19331    15.3275    1.45854    
349    14.6137    2.19875    15.3492    1.43718    
350    14.6063    2.19725    15.3709    1.42288    
351    14.6094    2.19102    15.3841    1.41169    
352    14.6144    2.18862    15.3992    1.39742    
353    14.6098    2.18104    15.4255    1.37388    
354    14.6157    2.16992    15.4378    1.36436    
355    14.6187    2.16736    15.4472    1.35015    
356    14.6256    2.14947    15.4576    1.33724    
357    14.6229    2.15158    15.4717    1.31562    
358    14.6306    2.14039    15.4924    1.29265    
359    14.6393    2.13515    15.5037    1.28154    
360    15.5059    2.2493    16.1257    1.59606    
361    15.5091    2.24608    16.1455    1.58106    
362    15.518    2.23722    16.1625    1.56935    
363    15.5145    2.23388    16.1813    1.5584    
364    15.5196    2.23806    16.2011    1.54509    
365    15.5133    2.23733    16.219    1.52099    
366    15.5164    2.23812    16.2416    1.49497    
367    15.5177    2.23998    16.2623    1.48183    
368    15.5255    2.23506    16.2765    1.47358    
369    15.522    2.23048    16.2953    1.4555    
370    15.5127    2.24    16.3076    1.4421    
371    15.5063    2.23878    16.3292    1.42184    
372    15.5113    2.23447    16.3424    1.40492    
373    15.5039    2.24083    16.3575    1.38704    
374    15.5079    2.23928    16.3725    1.37278    
375    15.5176    2.2301    16.3895    1.35434    
376    15.5235    2.23234    16.4102    1.33587    
377    15.5284    2.22637    16.4225    1.33297    
378    15.5267    2.23327    16.4375    1.32007    
379    15.5268    2.23503    16.4563    1.29652    
380    16.4094    2.33099    17.0907    1.60878    
381    16.4021    2.3339    17.1096    1.59038    
382    16.3996    2.33685    17.1246    1.57934    
383    16.3971    2.33282    17.1388    1.5666    
384    16.3965    2.33246    17.1576    1.54895    
385    16.4063    2.3172    17.1736    1.53503    
386    16.4114    2.32325    17.1849    1.52399    
387    16.4183    2.32013    17.2085    1.50497    
388    16.4186    2.32766    17.2254    1.48475    
389    16.4236    2.3181    17.2395    1.47317    
390    16.4144    2.32275    17.2527    1.45828    
391    16.4051    2.33395    17.2687    1.43865    
392    16.4082    2.33008    17.2828    1.42213    
393    16.4217    2.3366    17.3035    1.38761    
394    16.4258    2.33825    17.3214    1.36973    
395    16.4269    2.33107    17.3374    1.36122    
396    16.4376    2.31463    17.3506    1.34475    
397    16.4416    2.30804    17.3694    1.31979    
398    16.4418    2.29948    17.3844    1.30117    
399    16.4505    2.3008    17.4023    1.2866    
400    17.3223    2.37833    18.0377    1.59757    
401    17.3189    2.38296    18.0518    1.58651    
402    17.3287    2.38484    18.065    1.57893    
403    17.3253    2.37999    18.0895    1.55753    
404    17.3285    2.36859    18.1093    1.54053    
405    17.3402    2.36302    18.1263    1.52838    
406    17.3301    2.37271    18.1508    1.51013    
407    17.3304    2.37165    18.1658    1.4915    
408    17.3373    2.37209    18.1837    1.47231    
409    17.3366    2.36711    18.2044    1.45688    
410    17.3436    2.36142    18.2214    1.44276    
411    17.3277    2.38071    18.2298    1.42968    
412    17.3298    2.38253    18.2468    1.4093    
413    17.3301    2.39021    18.2618    1.39325    
414    17.3312    2.39796    18.2769    1.37628    
415    17.3295    2.3963    18.291    1.36135    
416    17.3336    2.39189    18.307    1.35217    
417    17.3404    2.37904    18.3211    1.34213    
418    17.3463    2.37899    18.338    1.32247    
419    17.3427    2.38015    18.3522    1.3049    
420    18.2153    2.44657    18.9876    1.60274    
421    18.2128    2.44553    19.0102    1.58017    
422    18.2189    2.44964    19.0215    1.5685    
423    18.2183    2.44589    19.0384    1.55443    
424    18.2234    2.441    19.0554    1.54641    
425    18.2256    2.44204    19.0752    1.53709    
426    18.2288    2.44838    19.0931    1.51994    
427    18.2282    2.45533    19.11    1.5077    
428    18.2256    2.4576    19.127    1.4915    
429    18.2364    2.46193    19.1477    1.46533    
430    18.2452    2.45458    19.1674    1.44991    
431    18.2417    2.45416    19.1806    1.44303    
432    18.2315    2.4731    19.1985    1.41727    
433    18.2327    2.46923    19.2098    1.40706    
434    18.2481    2.4635    19.222    1.39644    
435    18.2427    2.46688    19.238    1.38346    
436    18.2476    2.46606    19.2549    1.36025    
437    18.2459    2.45553    19.2681    1.34934    
438    18.2547    2.45112    19.2803    1.33432    
439    18.2644    2.44754    19.2972    1.3123    
440    19.1501    2.51167    19.9431    1.6199    
441    19.1533    2.51713    19.9695    1.59676    
442    19.1566    2.52293    19.9902    1.57178    
443    19.1569    2.52441    20.0137    1.55253    
444    19.1554    2.52994    20.0335    1.53545    
445    19.1614    2.52357    20.0457    1.52563    
446    19.1665    2.52387    20.0636    1.51706    
447    19.1602    2.52843    20.0853    1.49335    
448    19.1643    2.52217    20.1041    1.47269    
449    19.1674    2.52078    20.1163    1.45559    
450    19.1763    2.5169    20.1285    1.44554    
451    19.1871    2.5013    20.1445    1.42559    
452    19.1702    2.51071    20.1586    1.41342    
453    19.1695    2.50374    20.1718    1.40665    
454    19.1707    2.49991    20.1868    1.39092    
455    19.1786    2.50168    20.2028    1.37611    
456    19.1693    2.50223    20.2169    1.36021    
457    19.1714    2.5007    20.2329    1.33996    
458    19.1735    2.49189    20.2517    1.31167    
459    19.1852    2.49382    20.2658    1.29303    
460    20.0545    2.55816    20.9146    1.60429    
461    20.0549    2.55464    20.9391    1.58877    
462    20.0619    2.55031    20.9523    1.57671    
463    20.067    2.54284    20.9655    1.56319    
464    20.0693    2.55059    20.973    1.55379    
465    20.062    2.5594    20.9937    1.53655    
466    20.0728    2.54178    21.004    1.53187    
467    20.0675    2.55126    21.0163    1.51641    
468    20.0621    2.55397    21.0332    1.50584    
469    20.069    2.56379    21.0464    1.49171    
470    20.0808    2.56616    21.0605    1.47432    
471    20.0906    2.56611    21.0793    1.46561    
472    20.0908    2.57106    21.0953    1.45093    
473    20.0635    2.59963    21.1141    1.43001    
474    20.0685    2.58461    21.1291    1.40948    
475    20.0688    2.58214    21.1366    1.39783    
476    20.07    2.57595    21.1526    1.38247    
477    20.0712    2.57502    21.163    1.37297    
478    20.0724    2.56633    21.1846    1.34389    
479    20.0792    2.56024    21.1968    1.33103    
480    20.9532    2.61664    21.8476    1.63578    
481    20.9536    2.61385    21.8702    1.62057    
482    20.9521    2.61731    21.8862    1.60442    
483    20.96    2.61299    21.9013    1.59252    
484    20.9633    2.61758    21.9276    1.56173    
485    20.9646    2.61494    21.9445    1.54391    
486    20.9763    2.60183    21.9558    1.53116    
487    20.9824    2.60097    21.9699    1.51462    
488    20.9827    2.60547    21.9868    1.49509    
489    20.9916    2.59565    22.0075    1.47371    
490    21.0004    2.59067    22.0253    1.45966    
491    21.0017    2.59743    22.0385    1.4407    
492    21.0039    2.59491    22.0507    1.4298    
493    20.9946    2.60594    22.0639    1.41788    
494    20.9882    2.61249    22.0798    1.40078    
495    20.9895    2.60392    22.0939    1.38634    
496    20.9954    2.60097    22.1108    1.36553    
497    20.9947    2.60635    22.1315    1.34712    
498    20.9997    2.60603    22.1428    1.32885    
499    21.0123    2.59889    22.1569    1.31492    
500    21.8871    2.63977    22.8153    1.62547    
501    21.8998    2.62392    22.8294    1.60793    
502    21.904    2.63584    22.8539    1.59004    
503    21.9129    2.63512    22.8718    1.57309    
504    21.9162    2.63418    22.8849    1.5584    
505    21.9165    2.63174    22.9009    1.53906    
506    21.9302    2.62107    22.9197    1.51972    
507    21.9324    2.60923    22.9385    1.49854    
508    21.9347    2.61434    22.9507    1.48928    
509    21.9303    2.61114    22.9714    1.47305    
510    21.9325    2.61971    22.9921    1.45959    
511    21.9385    2.61192    23.0081    1.44261    
512    21.9454    2.60946    23.0278    1.42799    
513    21.9372    2.61397    23.0457    1.41153    
514    21.9232    2.6306    23.0569    1.39625    
515    21.9358    2.63394    23.0719    1.37514    
516    21.9408    2.64325    23.0842    1.36075    
517    21.9459    2.63916    23.0964    1.34937    
518    21.9499    2.62801    23.117    1.32281    
519    21.954    2.62788    23.1301    1.30268    
520    22.8256    2.6712    23.7858    1.60962    
521    22.8441    2.65583    23.8028    1.59952    
522    22.8474    2.67051    23.8168    1.58135    
523    22.8601    2.66669    23.8309    1.56289    
524    22.8652    2.66842    23.8525    1.53554    
525    22.8723    2.66536    23.8713    1.52015    
526    22.8793    2.66399    23.8873    1.5059    
527    22.8872    2.65492    23.9052    1.48741    
528    22.8895    2.65041    23.923    1.46675    
529    22.8822    2.64954    23.9371    1.45178    
530    22.8778    2.65353    23.9549    1.43633    
531    22.8838    2.65097    23.9737    1.41722    
532    22.9079    2.6299    23.9822    1.40391    
533    22.9092    2.63345    23.9944    1.39302    
534    22.8943    2.6383    24.0113    1.38009    
535    22.8974    2.64144    24.0263    1.36936    
536    22.8967    2.64502    24.0376    1.35127    
537    22.9008    2.64419    24.0582    1.31867    
538    22.8991    2.64076    24.0714    1.30539    
539    22.908    2.63312    24.0845    1.2854    
540    23.7671    2.67313    24.7487    1.59176    
541    23.7694    2.67001    24.7657    1.57565    
542    23.766    2.68548    24.7779    1.56298    
543    23.7731    2.67442    24.7976    1.54068    
544    23.7706    2.6796    24.8135    1.52022    
545    23.7729    2.67479    24.8295    1.49931    
546    23.7846    2.67803    24.8464    1.48473    
547    23.7955    2.66381    24.8615    1.47323    
548    23.7939    2.67088    24.8755    1.45694    
549    23.8028    2.67766    24.8943    1.4423    
550    23.8051    2.6769    24.9103    1.42455    
551    23.8045    2.67972    24.93    1.39443    
552    23.8133    2.67904    24.9468    1.36908    
553    23.8203    2.6733    24.9534    1.36236    
554    23.8206    2.68035    24.9703    1.34397    
555    23.8085    2.69172    24.9778    1.33889    
556    23.8126    2.67947    24.99    1.3279    
557    23.8148    2.68208    25.005    1.30782    
558    23.8103    2.69132    25.0182    1.29416    
559    23.8115    2.69444    25.0322    1.27602    
560    24.681    2.7346    25.706    1.57782    
561    24.69    2.72579    25.7248    1.5618    
562    24.6847    2.74681    25.7389    1.55112    
563    24.6841    2.7472    25.7577    1.53212    
564    24.6845    2.74909    25.7689    1.52059    
565    24.6915    2.75415    25.7821    1.51137    
566    24.6834    2.76528    25.8009    1.49673    
567    24.6923    2.7638    25.8178    1.47441    
568    24.6945    2.76405    25.829    1.46593    
569    24.6911    2.77861    25.8431    1.45339    
570    24.6895    2.78501    25.8628    1.43723    
571    24.6851    2.78891    25.8844    1.41607    
572    24.6987    2.77955    25.9079    1.38714    
573    24.7076    2.77741    25.9285    1.35617    
574    24.7136    2.77997    25.9445    1.34347    
575    24.7054    2.77376    25.9604    1.33112    
576    24.7057    2.78443    25.9736    1.31915    
577    24.7069    2.7757    25.9858    1.30698    
578    24.71    2.78264    26.0045    1.28735    
579    24.7084    2.78349    26.0176    1.26861    
580    25.5769    2.83348    26.6887    1.56711    
581    25.5839    2.81611    26.7028    1.55482    
582    25.5815    2.82985    26.7206    1.53524    
583    25.5904    2.81762    26.7394    1.52089    
584    25.5879    2.82176    26.7516    1.51039    
585    25.5941    2.82051    26.7657    1.49538    
586    25.5944    2.82584    26.7826    1.47715    
587    25.6043    2.81536    26.7948    1.46376    
588    25.6113    2.80686    26.8098    1.44789    
589    25.6136    2.81097    26.8304    1.4201    
590    25.6149    2.82036    26.8445    1.40399    
591    25.6095    2.81434    26.8557    1.38374    
592    25.6136    2.81752    26.8716    1.3659    
593    25.6263    2.81396    26.882    1.35296    
594    25.6295    2.80762    26.8932    1.34056    
595    25.6298    2.8075    26.8988    1.32938    
596    25.6215    2.81959    26.9138    1.31227    
597    25.6152    2.823    26.9194    1.30332    
598    25.6307    2.82388    26.9316    1.28967    
599    25.6262    2.82541    26.9429    1.28005    
600    26.4984    2.88381    27.615    1.58428    
601    26.5063    2.87138    27.6328    1.56721    
602    26.5039    2.88011    27.6516    1.55247    
603    26.5167    2.86482    27.6685    1.53682    
604    26.5228    2.84619    27.6882    1.51392    
605    26.5232    2.84828    27.705    1.48761    
606    26.5255    2.85043    27.7163    1.47447    
607    26.5439    2.82932    27.7332    1.46026    
608    26.549    2.81922    27.7482    1.45449    
609    26.5494    2.81685    27.7679    1.43105    
610    26.5459    2.83455    27.782    1.41795    
611    26.5406    2.84159    27.7997    1.38743    
612    26.5419    2.83462    27.8166    1.36843    
613    26.5536    2.83673    27.8259    1.35214    
614    26.552    2.83941    27.8363    1.33925    
615    26.5447    2.84255    27.8596    1.30175    
616    26.5365    2.85881    27.8699    1.28509    
617    26.5311    2.86542    27.8784    1.2757    
618    26.5247    2.86895    27.8896    1.25313    
619    26.5212    2.87179    27.9036    1.23207    
620    27.3885    2.92788    28.5937    1.53903    
621    27.3984    2.91617    28.6125    1.52348    
622    27.3922    2.93156    28.6256    1.50252    
623    27.3964    2.92605    28.6415    1.48743    
624    27.3968    2.91784    28.6556    1.47731    
625    27.3867    2.92989    28.6687    1.46532    
626    27.3995    2.92966    28.6884    1.45094    
627    27.4046    2.92867    28.7072    1.43131    
628    27.4154    2.91995    28.7306    1.416    
629    27.4224    2.91625    28.7438    1.40226    
630    27.4257    2.93555    28.7559    1.38644    
631    27.426    2.94155    28.7709    1.36868    
632    27.4244    2.93821    28.784    1.34892    
633    27.4324    2.92979    28.8018    1.32681    
634    27.4441    2.93049    28.8121    1.31156    
635    27.4463    2.93166    28.8205    1.2936    
636    27.44    2.93811    28.8336    1.27444    
637    27.426    2.94719    28.8495    1.2495    
638    27.4215    2.9469    28.8626    1.2336    
639    27.4199    2.94445    28.871    1.22166    
640    28.2976    2.98813    29.5584    1.52792    
641    28.3123    2.97388    29.5828    1.51482    
642    28.3137    2.97907    29.5997    1.49684    
643    28.317    2.9774    29.6184    1.47857    
644    28.3335    2.97107    29.6372    1.45519    
645    28.3329    2.97495    29.6475    1.44437    
646    28.3447    2.95837    29.6606    1.42526    
647    28.3394    2.96458    29.6746    1.40073    
648    28.3502    2.96547    29.6877    1.38655    
649    28.3554    2.95134    29.7073    1.36074    
650    28.3529    2.9582    29.7223    1.33943    
651    28.3542    2.97105    29.7382    1.32441    
652    28.3545    2.96568    29.7504    1.31234    
653    28.3549    2.97312    29.7625    1.29504    
654    28.3714    2.97249    29.7766    1.27583    
655    28.3698    2.97312    29.7962    1.24434    
656    28.3682    2.97101    29.8149    1.22943    
657    28.3609    2.97739    29.8262    1.2136    
658    28.3603    2.98398    29.8411    1.19344    
659    28.3605    2.97649    29.8542    1.17556    
660    29.2334    3.02903    30.5341    1.4766    
661    29.2481    3.01892    30.5519    1.46223    
662    29.2447    3.03549    30.5754    1.4433    
663    29.2489    3.0296    30.5857    1.43367    
664    29.2512    3.03044    30.6026    1.42404    
665    29.2469    3.03543    30.6232    1.41201    
666    29.2606    3.0281    30.6363    1.40031    
667    29.2553    3.03319    30.6513    1.38126    
668    29.2709    3.02776    30.6738    1.35787    
669    29.2769    3.01386    30.6906    1.33651    
670    29.2668    3.01553    30.7046    1.31671    
671    29.2634    3.02076    30.7196    1.30136    
672    29.2647    3.02377    30.7373    1.26827    
673    29.2717    3.02448    30.7467    1.25513    
674    29.2787    3.02159    30.7616    1.23454    
675    29.2828    3.01715    30.7775    1.21805    
676    29.2736    3.0223    30.7887    1.19954    
677    29.273    3.02367    30.8018    1.18459    
678    29.2743    3.03415    30.8121    1.17805    
679    29.2631    3.03758    30.8224    1.16283    
680    30.1549    3.08274    31.5222    1.45944    
681    30.1667    3.07139    31.5372    1.44421    
682    30.1624    3.07655    31.5569    1.42052    
683    30.1714    3.0645    31.5774    1.39407    
684    30.1775    3.05853    31.5868    1.38479    
685    30.1684    3.06968    31.6027    1.35986    
686    30.1707    3.06814    31.6121    1.35454    
687    30.1616    3.08069    31.6242    1.34413    
688    30.1734    3.07729    31.6383    1.33121    
689    30.1804    3.06862    31.6532    1.31021    
690    30.1836    3.06937    31.6663    1.28761    
691    30.1925    3.0679    31.685    1.26822    
692    30.1939    3.06466    31.6981    1.2527    
693    30.1979    3.0609    31.7074    1.23886    
694    30.2097    3.04909    31.7252    1.22342    
695    30.2129    3.04419    31.7336    1.21449    
696    30.2199    3.04044    31.742    1.19723    
697    30.226    3.04451    31.7607    1.18009    
698    30.2234    3.05227    31.7737    1.15335    
699    30.2056    3.06655    31.7821    1.14264    
700    31.0897    3.10573    32.4877    1.44005    
701    31.092    3.10131    32.5045    1.418    
702    31.0867    3.11833    32.5288    1.39264    
703    31.0881    3.12441    32.5522    1.36398    
704    31.0962    3.12282    32.5718    1.3335    
705    31.0975    3.12225    32.5858    1.31913    
706    31.1027    3.12112    32.6018    1.30748    
707    31.1002    3.12833    32.6139    1.29567    
708    31.1063    3.12946    32.627    1.28123    
709    31.1114    3.12023    32.6429    1.26634    
710    31.1175    3.12512    32.6569    1.24514    
711    31.1226    3.12109    32.6653    1.22866    
712    31.1278    3.12343    32.6756    1.21891    
713    31.131    3.11837    32.6877    1.19649    
714    31.1427    3.12456    32.7008    1.17974    
715    31.1345    3.13539    32.7092    1.17071    
716    31.1462    3.12479    32.7185    1.15061    
717    31.1475    3.12972    32.7306    1.13535    
718    31.1383    3.13598    32.7362    1.12338    
719    31.1367    3.13531    32.7464    1.10976    
720    32.0131    3.18697    33.4756    1.3967    
721    32.023    3.1822    33.4887    1.38135    
722    32.0216    3.19146    33.5018    1.36241    
723    32.0192    3.18488    33.5177    1.34618    
724    32.0281    3.17989    33.528    1.33534    
725    32.0266    3.18631    33.5401    1.32084    
726    32.0289    3.17915    33.5457    1.31117    
727    32.0379    3.16758    33.5616    1.29036    
728    32.0354    3.17437    33.57    1.27953    
729    32.0443    3.16477    33.5784    1.2699    
730    32.0419    3.16643    33.5886    1.26017    
731    32.0461    3.17111    33.5998    1.24379    
732    32.0483    3.1796    33.6119    1.22597    
733    32.0544    3.17475    33.6241    1.21255    
734    32.0662    3.17093    33.6362    1.19455    
735    32.0779    3.1562    33.6492    1.17643    
736    32.083    3.15392    33.6622    1.15199    
737    32.0919    3.13928    33.6688    1.14032    
738    32.0932    3.13957    33.6818    1.12167    
739    32.0907    3.14186    33.6911    1.11408    
740    32.9602    3.20692    34.4167    1.40387    
741    32.9674    3.1984    34.4336    1.3896    
742    32.9687    3.20123    34.4522    1.35741    
743    32.9739    3.19705    34.4661    1.34019    
744    32.9829    3.19121    34.4764    1.32315    
745    32.9785    3.19212    34.4876    1.31362    
746    32.977    3.2019    34.5109    1.27509    
747    32.9822    3.19659    34.522    1.25382    
748    32.9731    3.20764    34.5341    1.23949    
749    32.9839    3.18984    34.5481    1.219    
750    32.9805    3.18585    34.5612    1.20121    
751    32.978    3.194    34.577    1.1799    
752    32.9775    3.18984    34.5873    1.17088    
753    32.9778    3.18931    34.5994    1.15371    
754    32.9772    3.18769    34.6078    1.14414    
755    32.9757    3.18925    34.619    1.1379    
756    32.9789    3.18601    34.632    1.11908    
757    32.985    3.18261    34.6441    1.09562    
758    32.9834    3.18047    34.6561    1.07394    
759    32.9837    3.1805    34.6683    1.06202    
760    33.8599    3.24582    35.4015    1.36189    
761    33.8537    3.24695    35.4136    1.35205    
762    33.8494    3.25465    35.4295    1.33349    
763    33.8526    3.25733    35.4434    1.30759    
764    33.873    3.23651    35.463    1.28584    
765    33.8744    3.24375    35.4732    1.26954    
766    33.8691    3.25763    35.4834    1.25464    
767    33.8809    3.24968    35.4946    1.23637    
768    33.8747    3.26857    35.5104    1.21178    
769    33.8846    3.26875    35.5244    1.19312    
770    33.8812    3.26894    35.5346    1.17799    
771    33.8806    3.27232    35.5514    1.16248    
772    33.8791    3.26688    35.5672    1.14854    
773    33.8746    3.27647    35.5774    1.1299    
774    33.8798    3.27493    35.5896    1.11721    
775    33.8896    3.26876    35.5998    1.09803    
776    33.9033    3.25045    35.6091    1.09013    
777    33.897    3.24657    35.6202    1.06965    
778    33.8954    3.24526    35.6332    1.04141    
779    33.8919    3.24737    35.6443    1.02394    
780    34.7596    3.30488    36.3804    1.29835    
781    34.76    3.3098    36.3962    1.27157    
782    34.749    3.3253    36.4092    1.25768    
783    34.7551    3.32707    36.426    1.23677    
784    34.7585    3.31993    36.438    1.21475    
785    34.7655    3.31486    36.4529    1.19998    
786    34.7517    3.32958    36.4734    1.16959    
787    34.7597    3.32615    36.4902    1.15489    
788    34.761    3.33047    36.5051    1.13995    
789    34.7633    3.32825    36.52    1.12024    
790    34.7694    3.32404    36.533    1.09822    
791    34.7717    3.31553    36.5432    1.08326    
792    34.7607    3.31246    36.5553    1.07316    
793    34.7639    3.31894    36.5739    1.05024    
794    34.7633    3.3222    36.5813    1.03374    
795    34.7579    3.33124    36.5897    1.02965    
796    34.7697    3.32723    36.599    1.02271    
797    34.7853    3.31273    36.6092    1.00823    
798    34.7942    3.3065    36.6194    0.991245    
799    34.7954    3.30865    36.6324    0.967424    
800    35.6611    3.34381    37.3762    1.24499    
801    35.6558    3.35138    37.3901    1.22467    
802    35.6553    3.35    37.407    1.21284    
803    35.6567    3.35239    37.4236    1.18202    
804    35.659    3.34829    37.432    1.17193    
805    35.6613    3.34824    37.4487    1.15111    
806    35.6523    3.35607    37.4645    1.12922    
807    35.6517    3.35684    37.4784    1.10774    
808    35.6597    3.36027    37.4905    1.09157    
809    35.6696    3.35397    37.5007    1.07922    
810    35.6757    3.35308    37.5156    1.06102    
811    35.6837    3.35082    37.5286    1.04243    
812    35.6812    3.34945    37.5406    1.02081    
813    35.6835    3.35775    37.5554    0.993306    
814    35.6801    3.3564    37.5693    0.968796    
815    35.6823    3.35715    37.5758    0.95748    
816    35.6903    3.35462    37.5887    0.92879    
817    35.6992    3.3518    37.5924    0.923088    
818    35.7024    3.352    37.5989    0.913556    
819    35.7132    3.34805    37.6119    0.890544    
820    36.5636    3.39679    38.3566    1.17115    
821    36.5679    3.39408    38.3733    1.14138    
822    36.5645    3.39588    38.3919    1.12161    
823    36.5659    3.39928    38.4077    1.10103    
824    36.572    3.39125    38.4207    1.08312    
825    36.5686    3.39677    38.4383    1.06071    
826    36.5643    3.40094    38.4476    1.04933    
827    36.5685    3.40701    38.4587    1.03316    
828    36.5784    3.4123    38.4746    1.01857    
829    36.575    3.41752    38.4866    0.994637    
830    36.5801    3.41722    38.4958    0.980391    
831    36.5872    3.41269    38.5069    0.966503    
832    36.5932    3.41    38.5199    0.94816    
833    36.5946    3.40596    38.5347    0.925018    
834    36.5921    3.41783    38.5514    0.900458    
835    36.5925    3.40954    38.5643    0.879    
836    36.5852    3.41076    38.5717    0.866932    
837    36.597    3.39826    38.5782    0.853657    
838    36.6012    3.39581    38.5828    0.845705    
839    36.611    3.38804    38.593    0.833127    
840    37.4632    3.44405    39.3643    1.10727    
841    37.4637    3.44528    39.3754    1.08884    
842    37.4556    3.44529    39.3836    1.07153    
843    37.4484    3.46359    39.3929    1.06036    
844    37.4583    3.45432    39.4059    1.04404    
845    37.4626    3.45823    39.4161    1.03071    
846    37.4535    3.47019    39.4226    1.02085    
847    37.4501    3.48171    39.4318    1.0024    
848    37.461    3.47667    39.4457    0.982646    
849    37.4652    3.47433    39.454    0.966318    
850    37.4713    3.47359    39.4678    0.939468    
851    37.4678    3.47783    39.4844    0.916348    
852    37.4777    3.47249    39.4927    0.899566    
853    37.48    3.46854    39.5019    0.884831    
854    37.4832    3.48127    39.5102    0.867115    
855    37.4893    3.47114    39.5194    0.852335    
856    37.4811    3.47581    39.5268    0.837856    
857    37.4957    3.45487    39.5296    0.833374    
858    37.5018    3.45567    39.5416    0.814436    
859    37.5135    3.43897    39.5471    0.802112    
860    38.3696    3.48887    40.3056    1.0845    
861    38.3757    3.48271    40.3185    1.06734    
862    38.3714    3.4892    40.3351    1.04273    
863    38.367    3.50754    40.349    1.0219    
864    38.3836    3.48881    40.3592    1.00902    
865    38.3803    3.48731    40.3712    0.994159    
866    38.3826    3.48155    40.3869    0.975227    
867    38.3706    3.50124    40.3988    0.952195    
868    38.3863    3.49413    40.4043    0.939351    
869    38.381    3.50624    40.4182    0.920984    
870    38.3956    3.49752    40.4311    0.9067    
871    38.4055    3.49614    40.4459    0.889509    
872    38.4059    3.49604    40.4542    0.880267    
873    38.412    3.50023    40.4643    0.855177    
874    38.4133    3.51203    40.4725    0.841189    
875    38.4175    3.511    40.4817    0.822252    
876    38.4254    3.49559    40.4872    0.810771    
877    38.4258    3.49083    40.5    0.781239    
878    38.4452    3.4714    40.5119    0.758381    
879    38.4408    3.47641    40.5183    0.75025    
880    39.3101    3.52899    41.2964    1.01606    
881    39.3077    3.5157    41.3093    0.995339    
882    39.2986    3.51345    41.3222    0.972734    
883    39.2952    3.52422    41.3304    0.958479    
884    39.308    3.51763    41.3461    0.935927    
885    39.2952    3.51598    41.3544    0.924427    
886    39.3022    3.50428    41.3627    0.915334    
887    39.3083    3.52135    41.3764    0.888872    
888    39.3221    3.51195    41.3883    0.866232    
889    39.3224    3.53417    41.4058    0.838996    
890    39.3295    3.54118    41.4187    0.825451    
891    39.3289    3.54053    41.4241    0.816493    
892    39.3312    3.53945    41.4305    0.803924    
893    39.3326    3.55035    41.4415    0.780734    
894    39.331    3.55958    41.4543    0.760489    
895    39.3362    3.56394    41.4672    0.742319    
896    39.3366    3.56257    41.4754    0.730381    
897    39.335    3.55704    41.4827    0.716218    
898    39.3487    3.54618    41.4891    0.703899    
899    39.3443    3.55354    41.501    0.679694    
900    40.2145    3.58916    42.2989    0.932613    
901    40.213    3.59321    42.3091    0.918491    
902    40.2125    3.59556    42.3228    0.896248    
903    40.2006    3.62237    42.3366    0.884836    
904    40.2134    3.6126    42.3476    0.867022    
905    40.2252    3.60773    42.3586    0.85159    
906    40.2247    3.61358    42.3687    0.833878    
907    40.2165    3.62428    42.3751    0.828046    
908    40.2122    3.63363    42.3833    0.812275    
909    40.2193    3.63682    42.3951    0.787032    
910    40.2273    3.64425    42.406    0.764614    
911    40.24    3.63201    42.4187    0.730426    
912    40.248    3.61949    42.4305    0.706849    
913    40.2541    3.61935    42.4388    0.692298    
914    40.2564    3.61957    42.447    0.678821    
915    40.2558    3.63387    42.4542    0.656161    
916    40.2619    3.63324    42.4632    0.640207    
917    40.2613    3.61785    42.4723    0.6154    
918    40.2816    3.60699    42.4814    0.59947    
919    40.2944    3.60054    42.4895    0.578307    
920    41.1616    3.63902    43.3019    0.801056    
921    41.1696    3.63327    43.3129    0.78452    
922    41.1673    3.63823    43.3211    0.770204    
923    41.1553    3.66327    43.3329    0.74844    
924    41.1596    3.65766    43.3447    0.726685    
925    41.1657    3.65656    43.3548    0.71152    
926    41.1642    3.66276    43.3575    0.709589    
927    41.1523    3.67679    43.3675    0.695092    
928    41.167    3.67368    43.3739    0.683337    
929    41.1712    3.67718    43.3838    0.660433    
930    41.1649    3.69512    43.3947    0.637198    
931    41.1739    3.69541    43.4037    0.62113    
932    41.1715    3.70077    43.4119    0.605788    
933    41.1765    3.69498    43.4209    0.585038    
934    41.1731    3.69246    43.4325    0.550359    
935    41.1735    3.70358    43.4388    0.541807    
936    41.1777    3.70877    43.4479    0.523777    
937    41.1781    3.69813    43.4533    0.513941    
938    41.1851    3.6804    43.4586    0.498868    
939    41.1902    3.67558    43.464    0.486378    
940    42.065    3.71479    44.288    0.723913    
941    42.0702    3.71905    44.3007    0.704065    
942    42.0697    3.71399    44.3098    0.687952    
943    42.0569    3.73973    44.3251    0.660862    
944    42.0668    3.73458    44.3404    0.630959    
945    42.073    3.73743    44.3521    0.609402    
946    42.0753    3.74465    44.3567    0.599967    
947    42.0558    3.75705    44.3638    0.582045    
948    42.0581    3.76662    44.3701    0.566239    
949    42.0794    3.75017    44.3764    0.55753    
950    42.0751    3.75192    44.3853    0.542673    
951    42.0945    3.75382    44.3934    0.52537    
952    42.1034    3.74087    44.4005    0.505875    
953    42.1143    3.73475    44.4111    0.483259    
954    42.1118    3.74027    44.4156    0.477026    
955    42.1132    3.73946    44.4183    0.469092    
956    42.1154    3.7457    44.4245    0.456124    
957    42.1272    3.7326    44.4298    0.441815    
958    42.1257    3.72653    44.4333    0.431351    
959    42.1393    3.72317    44.4377    0.421243    
960    43.0179    3.74595    45.2883    0.609638    
961    43.0203    3.7512    45.2991    0.591918    
962    43.0179    3.75019    45.3079    0.572861    
963    43.0088    3.77471    45.3204    0.549666    
964    43.0168    3.76638    45.3283    0.532029    
965    43.023    3.76297    45.3362    0.511272    
966    43.0386    3.75427    45.3478    0.492415    
967    43.0314    3.7583    45.3512    0.479955    
968    43.0185    3.77034    45.3556    0.468464    
969    43.0332    3.76648    45.3617    0.449741    
970    43.0355    3.77938    45.3687    0.434166    
971    43.0502    3.77738    45.3765    0.416098    
972    43.0544    3.77434    45.3835    0.400764    
973    43.05    3.77346    45.3878    0.386088    
974    43.0485    3.7835    45.3921    0.376763    
975    43.0565    3.7706    45.3929    0.372911    
976    43.0569    3.78436    45.3946    0.367319    
977    43.0583    3.779    45.3971    0.359472    
978    43.0577    3.77545    45.3996    0.35263    
979    43.0599    3.76941    45.4005    0.350983    
980    43.9318    3.79863    46.278    0.509837    
981    43.936    3.80252    46.2875    0.492241    
982    43.9346    3.81103    46.2969    0.473823    
983    43.9266    3.83772    46.3063    0.451928    
984    43.9336    3.82715    46.3129    0.433313    
985    43.935    3.82469    46.3195    0.417787    
986    43.9392    3.82928    46.3245    0.407014    
987    43.9349    3.83376    46.331    0.389624    
988    43.9296    3.85062    46.3335    0.384399    
989    43.9424    3.84142    46.3383    0.373219    
990    43.9447    3.85056    46.3398    0.366938    
991    43.9574    3.85589    46.3429    0.359931    
992    43.9559    3.85116    46.3459    0.350044    
993    43.9649    3.83601    46.3482    0.3447    
994    43.9729    3.83609    46.3482    0.3447    
995    43.979    3.8311    46.3488    0.344357    
996    43.9746    3.83914    46.3488    0.344357    
997    43.9731    3.845    46.3488    0.344357    
998    43.9716    3.84543    46.3488    0.344357    
999    43.9786    3.83627    46.3493    0.342495    
1000    44.8495    3.85803    47.2724    0.388306    
