32    375    2    41    
64    500    2    83    
128    917    2    125    
256    1834    2    250    
512    3625    2    458    
1024    8125    2    958    
2048    17000    2    1916    
4096    35708    2    3833    
8192    70458    2    7625    
16384    139625    2    15792    
32768    289041    2    30625    
65536    562416    2    60958    
131072    1.32792e+06    2    122083    
262144    3.58188e+06    2    244375    
524288    1.05829e+07    3    488459    
1.04858e+06    3.71985e+07    5    1.01338e+06    
