32    292    2    41    
64    667    2    84    
128    1083    2    125    
256    1834    2    292    
512    3583    2    500    
1024    9584    2    959    
2048    22625    2    1916    
4096    44417    3    3792    
8192    85917    5    7625    
16384    174583    3    15209    
32768    341041    2    30583    
65536    674583    2    62916    
131072    1.37158e+06    2    121959    
262144    3.23517e+06    2    246084    
524288    1.00299e+07    2    505084    
1.04858e+06    2.95365e+07    2    996708    
