32    333    2    41    
64    625    2    84    
128    959    2    125    
256    1875    3    250    
512    3750    4    500    
1024    8333    2    959    
2048    18916    2    1958    
4096    34042    3    3792    
8192    71167    5    8084    
16384    144833    3    15292    
32768    276625    2    30542    
65536    594167    2    60958    
131072    1.60012e+06    3    122042    
262144    3.69904e+06    2    244583    
524288    1.07355e+07    2    490417    
1.04858e+06    3.2323e+07    2    978292    
