32    334    2    41    
64    541    2    83    
128    1208    2    167    
256    1833    3    292    
512    3709    6    500    
1024    11084    12    958    
2048    17333    23    1958    
4096    35250    13    3833    
8192    74250    7    7875    
16384    144209    4    15292    
32768    305625    2    30458    
65536    552167    2    61083    
131072    1.168e+06    3    121875    
262144    2.94867e+06    4    246833    
524288    7.70567e+06    2    505042    
1.04858e+06    2.04282e+07    2    975583    
