32    500    2    
64    584    2    
128    917    2    
256    1917    4    
512    3625    4    
1024    8417    2    
2048    16792    2    
4096    34000    2    
8192    69000    2    
16384    139750    2    
32768    278000    2    
65536    579167    3    
131072    1.22688e+06    3    
262144    3.07071e+06    2    
524288    8.07192e+06    2    
1.04858e+06    3.14955e+07    2    
2.09715e+06    8.17639e+07    2    
4.1943e+06    1.77793e+08    3    
8.38861e+06    3.56142e+08    6    
1.67772e+07    7.19891e+08    5    
