32    416    2    42    
64    583    2    125    
128    958    2    125    
256    1833    2    250    
512    3625    2    500    
1024    8417    3    959    
2048    19708    5    1917    
4096    38750    3    3833    
8192    81167    2    7625    
16384    164208    2    16083    
32768    335208    2    30541    
65536    643084    2    62833    
131072    1.45833e+06    2    127667    
262144    3.96383e+06    3    251666    
524288    1.15128e+07    3    505250    
1.04858e+06    2.88233e+07    2    1.00917e+06    
