32    2958    2    1917    
64    5333    2    3167    
128    18292    2    1625    
256    19666    2    11458    
512    38584    3    6375    
1024    82750    2    13458    
2048    166166    2    86542    
4096    323083    3    238750    
8192    792417    4    443167    
16384    1.26788e+06    2    787625    
32768    2.87375e+06    2    1.39267e+06    
65536    5.35958e+06    2    2.77738e+06    
131072    1.18958e+07    2    5.67283e+06    
262144    2.58321e+07    2    1.2734e+07    
524288    6.48661e+07    4    6.53496e+06    
