32    3292    2    1833    
64    5167    2    3209    
128    10417    2    6125    
256    20333    2    11541    
512    40083    3    6500    
1024    80583    2    51125    
2048    159541    2    86792    
4096    309625    2    172750    
8192    621125    2    344250    
16384    1.23408e+06    2    689000    
32768    2.59921e+06    2    1.42062e+06    
65536    5.15658e+06    3    3.25538e+06    
131072    1.03904e+07    5    5.68158e+06    
262144    2.31832e+07    5    1.58366e+07    
524288    5.89575e+07    3    2.52535e+07    
