32    3291    2    1959    
64    5167    2    3541    
128    10333    3    5958    
256    23708    2    11375    
512    39250    2    22459    
1024    77541    2    43792    
2048    177417    2    86792    
4096    315125    2    173750    
8192    651292    2    347375    
16384    1.23921e+06    3    870750    
32768    2.50096e+06    5    400750    
65536    6.66108e+06    6    817625    
131072    1.02511e+07    3    7.19362e+06    
262144    2.06676e+07    2    1.1348e+07    
524288    4.68708e+07    2    2.53391e+07    
