32    3084    2    1958    
64    5125    2    3333    
128    10084    2    1667    
256    19750    3    3250    
512    38250    2    24959    
1024    78083    2    43792    
2048    155375    2    86542    
4096    313625    2    197416    
8192    621917    2    344542    
16384    1.23612e+06    2    198041    
32768    2.48167e+06    3    396042    
65536    5.02933e+06    4    842709    
131072    1.13832e+07    2    6.44121e+06    
262144    2.075e+07    2    1.1393e+07    
524288    5.34977e+07    3    2.52613e+07    
