32    542    2    41    
64    500    2    84    
128    1958    3    125    
256    1875    3    291    
512    4541    2    500    
1024    12625    2    1000    
2048    22292    2    1917    
4096    46958    2    3791    
8192    80458    2    7625    
16384    161708    2    15208    
32768    323209    2    31417    
65536    639916    3    61208    
131072    1.24779e+06    5    121917    
262144    3.71888e+06    4    245041    
524288    8.91762e+06    2    506083    
1.04858e+06    2.32478e+07    2    979291    
