32    292    2    41    
64    541    2    125    
128    917    2    125    
256    2000    2    250    
512    3625    2    500    
1024    8042    3    958    
2048    19166    2    1917    
4096    34834    2    3833    
8192    69709    2    7584    
16384    142584    4    15250    
32768    273500    3    30459    
65536    571250    2    61042    
131072    1.492e+06    2    125625    
262144    4.05296e+06    2    258166    
524288    1.0542e+07    2    488167    
1.04858e+06    3.36702e+07    2    977917    
