32    3292    2    2000    
64    5416    3    917    
128    10416    3    6000    
256    20625    2    12916    
512    38333    2    22333    
1024    77750    2    43375    
2048    154083    2    24917    
4096    313500    2    49583    
8192    625416    2    347000    
16384    1.23079e+06    2    692833    
32768    2.49054e+06    2    1.58371e+06    
65536    4.98446e+06    4    2.76775e+06    
131072    1.01544e+07    2    5.79617e+06    
262144    2.10238e+07    2    1.26217e+07    
524288    6.31026e+07    2    2.2123e+07    
