32    291    2    83    
64    541    2    125    
128    958    2    125    
256    1958    2    292    
512    3750    2    500    
1024    8417    3    1000    
2048    17541    5    2000    
4096    36500    9    3958    
8192    72459    10    7875    
16384    172000    5    15250    
32768    279416    3    30459    
65536    584042    2    60958    
131072    1.11588e+06    2    121833    
262144    2.90929e+06    2    274000    
524288    7.11104e+06    2    508583    
1.04858e+06    2.38461e+07    2    979334    
