32    250    2    
64    666    2    
128    959    2    
256    2000    3    
512    3708    4    
1024    8583    2    
2048    17167    2    
4096    37333    3    
8192    71166    5    
16384    145625    3    
32768    298083    2    
65536    603209    2    
131072    1.39367e+06    3    
262144    4.10788e+06    2    
524288    9.93375e+06    2    
1.04858e+06    3.32711e+07    2    
2.09715e+06    8.29252e+07    2    
4.1943e+06    1.68285e+08    2    
8.38861e+06    3.44765e+08    3    
1.67772e+07    7.20478e+08    3    
