32    333    2    42    
64    584    2    83    
128    958    2    125    
256    1875    2    250    
512    3833    2    500    
1024    8625    2    1000    
2048    18416    2    1958    
4096    36125    2    3958    
8192    73708    2    7875    
16384    145417    4    15292    
32768    292417    3    30458    
65536    571208    2    64250    
131072    1.43975e+06    2    125708    
262144    5.46758e+06    2    246416    
524288    1.05005e+07    2    508541    
1.04858e+06    3.44803e+07    2    975459    
