32    3250    2    2167    
64    5500    4    4375    
128    10791    3    6250    
256    20833    2    3250    
512    38791    2    6334    
1024    79458    2    12500    
2048    154583    2    24875    
4096    311375    3    49583    
8192    618833    2    345375    
16384    1.24325e+06    2    198125    
32768    2.7035e+06    2    1.46654e+06    
65536    4.99054e+06    2    2.78104e+06    
131072    1.01317e+07    2    1.59188e+06    
262144    2.24416e+07    2    3.16746e+06    
524288    7.6614e+07    2    2.21278e+07    
