32    3000    2    1958    
64    5291    2    3583    
128    10250    2    1625    
256    19708    2    11458    
512    38709    2    6458    
1024    80208    2    43792    
2048    155458    2    24833    
4096    310792    2    49625    
8192    621209    4    344209    
16384    1.23771e+06    3    786666    
32768    2.47938e+06    2    1.38283e+06    
65536    5.00283e+06    2    792041    
131072    1.00975e+07    3    1.58654e+06    
262144    2.43659e+07    2    1.10458e+07    
524288    6.25604e+07    2    6.35725e+06    
