32    375    2    42    
64    500    2    83    
128    958    2    125    
256    1917    2    250    
512    3750    3    458    
1024    8375    5    958    
2048    18417    3    1917    
4096    45334    2    3750    
8192    69500    2    7625    
16384    145375    2    15250    
32768    274667    2    30583    
65536    557250    2    61000    
131072    1.27775e+06    2    122250    
262144    3.57946e+06    4    243834    
524288    1.19144e+07    4    491875    
1.04858e+06    3.03816e+07    2    1.00775e+06    
