32    375    2    83    
64    584    2    83    
128    917    2    167    
256    1917    2    250    
512    3666    2    458    
1024    10541    2    958    
2048    19417    2    1917    
4096    34584    3    4125    
8192    74709    4    7750    
16384    165792    2    15708    
32768    319959    2    30500    
65536    600583    3    60917    
131072    1.27021e+06    2    125750    
262144    3.09821e+06    2    243792    
524288    8.96771e+06    3    503375    
1.04858e+06    3.76734e+07    6    990333    
