32    2958    2    1917    
64    5209    2    3167    
128    10083    2    6041    
256    19959    2    11250    
512    39291    2    21959    
1024    79833    2    43875    
2048    158000    2    86708    
4096    311000    2    172375    
8192    629042    3    344708    
16384    1.28538e+06    3    198042    
32768    2.47667e+06    2    1.42821e+06    
65536    4.99962e+06    2    2.76742e+06    
131072    1.0104e+07    2    5.5415e+06    
262144    2.44821e+07    3    1.42314e+07    
524288    5.48275e+07    3    2.84556e+07    
