32    375    1    42    
64    542    3    84    
128    916    2    167    
256    1875    2    250    
512    3792    2    500    
1024    9917    2    1000    
2048    18292    2    2000    
4096    37709    2    3834    
8192    70166    3    7875    
16384    142334    2    15208    
32768    275500    2    31417    
65536    617916    3    61000    
131072    1.15396e+06    2    122041    
262144    3.58812e+06    2    257625    
524288    9.02458e+06    2    489958    
1.04858e+06    3.5102e+07    2    982625    
