32    375    2    42    
64    500    2    83    
128    1000    3    166    
256    1875    5    250    
512    3625    3    500    
1024    10542    2    958    
2048    20625    2    1917    
4096    40334    2    3833    
8192    83875    2    8167    
16384    173541    2    15250    
32768    315208    2    30500    
65536    660000    2    62791    
131072    1.62308e+06    2    128583    
262144    5.32367e+06    2    243834    
524288    1.06862e+07    2    513625    
1.04858e+06    4.05684e+07    2    981250    
