32    250    2    83    
64    500    2    84    
128    916    3    125    
256    1834    3    250    
512    3625    2    459    
1024    8416    2    1000    
2048    17250    2    1916    
4096    35208    2    3916    
8192    72959    2    7625    
16384    140333    2    15250    
32768    277833    2    30458    
65536    567375    3    62875    
131072    1.66012e+06    5    129208    
262144    2.92425e+06    4    244375    
524288    7.79142e+06    2    489083    
1.04858e+06    2.1089e+07    2    1.01262e+06    
