32    2875    2    2167    
64    5208    2    3500    
128    11125    2    6584    
256    20416    2    3417    
512    40875    3    6583    
1024    80500    2    13167    
2048    159458    2    88166    
4096    316000    4    49750    
8192    624125    3    421167    
16384    1.30671e+06    2    835584    
32768    2.48621e+06    2    1.606e+06    
65536    5.00946e+06    2    3.15371e+06    
131072    1.15793e+07    2    6.54662e+06    
262144    2.34586e+07    2    1.26414e+07    
524288    6.86306e+07    2    2.21778e+07    
