32    250    2    42    
64    542    2    83    
128    958    2    167    
256    1958    2    250    
512    3875    2    500    
1024    8292    3    1000    
2048    17083    2    2000    
4096    36875    2    3917    
8192    74458    3    7625    
16384    141333    4    15250    
32768    283291    2    30458    
65536    573209    2    62917    
131072    1.26679e+06    3    125584    
262144    3.0245e+06    2    244459    
524288    7.73879e+06    2    504625    
1.04858e+06    3.22985e+07    2    1.01888e+06    
