32    3125    1    1833    
64    5334    2    3583    
128    10250    3    7083    
256    20583    2    11541    
512    38833    2    25166    
1024    77208    2    49583    
2048    155250    2    98625    
4096    327125    2    172875    
8192    622417    3    345333    
16384    1.24392e+06    2    786417    
32768    2.47825e+06    2    1.37888e+06    
65536    5.54712e+06    2    795375    
131072    1.01464e+07    2    5.55171e+06    
262144    2.19942e+07    3    3.16767e+06    
524288    6.6945e+07    2    2.21255e+07    
