32    334    2    84    
64    583    2    83    
128    958    2    125    
256    1958    3    291    
512    3792    2    500    
1024    8583    2    1000    
2048    17875    3    2042    
4096    41583    3    3875    
8192    70458    2    7917    
16384    148125    2    15708    
32768    297916    3    32041    
65536    590875    5    60917    
131072    1.25562e+06    3    122125    
262144    3.27075e+06    2    245291    
524288    7.58783e+06    2    489708    
1.04858e+06    2.93562e+07    2    985792    
