32    3042    2    2083    
64    5333    2    3334    
128    9959    3    6041    
256    18750    2    11250    
512    39125    2    22375    
1024    78750    2    49500    
2048    155208    2    98917    
4096    311250    3    196916    
8192    620000    3    393375    
16384    1.23912e+06    2    692000    
32768    2.47838e+06    2    1.42492e+06    
65536    5.27967e+06    2    829958    
131072    1.42026e+07    2    5.52988e+06    
262144    2.32314e+07    2    1.26728e+07    
524288    7.32431e+07    2    2.2844e+07    
