32    250    2    42    
64    583    4    83    
128    917    5    125    
256    1875    3    250    
512    3542    2    500    
1024    8542    2    958    
2048    16875    4    1916    
4096    34416    3    3833    
8192    72208    2    7625    
16384    140917    2    15709    
32768    284875    2    31417    
65536    579833    2    61041    
131072    1.20925e+06    2    122000    
262144    3.63917e+06    2    253625    
524288    1.16562e+07    2    493000    
1.04858e+06    3.56237e+07    3    981375    
