32    3083    2    2125    
64    5208    2    3542    
128    10084    3    7625    
256    19708    2    11542    
512    38875    2    25250    
1024    78250    2    43917    
2048    154750    2    86916    
4096    311541    3    49666    
8192    645792    3    99084    
16384    1.2745e+06    2    689625    
32768    2.60542e+06    2    1.58571e+06    
65536    5.05904e+06    2    2.81625e+06    
131072    1.04935e+07    2    5.62008e+06    
262144    2.45462e+07    3    1.29937e+07    
524288    6.5047e+07    2    2.24448e+07    
