32    3584    2    2000    
64    5459    3    3375    
128    10458    2    1875    
256    19875    2    11625    
512    40125    2    22625    
1024    79875    2    44750    
2048    162833    3    114542    
4096    320125    5    228459    
8192    623792    3    446750    
16384    1.24738e+06    2    790833    
32768    2.49738e+06    2    1.57579e+06    
65536    5.02267e+06    2    3.15312e+06    
131072    1.45703e+07    2    6.31362e+06    
262144    2.35746e+07    2    1.10937e+07    
524288    7.68422e+07    3    6.34275e+06    
