32    2959    3    583    
64    5250    5    875    
128    10125    3    6917    
256    20125    2    11292    
512    39000    2    24917    
1024    85959    2    43459    
2048    163500    2    86791    
4096    310750    3    199833    
8192    617959    2    393250    
16384    1.24562e+06    2    689167    
32768    2.47108e+06    2    408292    
65536    4.97238e+06    2    2.77025e+06    
131072    1.01178e+07    3    5.52242e+06    
262144    2.55333e+07    3    3.17554e+06    
524288    6.56243e+07    2    6.37667e+06    
