32    250    1    
64    625    2    
128    958    2    
256    1917    2    
512    3834    3    
1024    8125    5    
2048    16792    9    
4096    34292    10    
8192    70125    5    
16384    140542    3    
32768    288500    2    
65536    560667    2    
131072    1.15288e+06    2    
262144    4.49808e+06    3    
524288    1.30189e+07    2    
1.04858e+06    3.18982e+07    2    
2.09715e+06    8.02335e+07    2    
4.1943e+06    1.67856e+08    2    
8.38861e+06    3.42865e+08    2    
1.67772e+07    7.00462e+08    2    
