32    3042    3    500    
64    5417    5    875    
128    10167    3    1667    
256    19500    2    11708    
512    40791    2    22125    
1024    78917    2    43292    
2048    155458    4    24875    
4096    309167    7    49625    
8192    620041    6    99042    
16384    1.24154e+06    3    198000    
32768    2.49883e+06    2    1.57283e+06    
65536    4.99754e+06    2    2.76404e+06    
131072    1.25388e+07    2    1.71146e+06    
262144    2.50625e+07    3    3.27346e+06    
524288    8.16415e+07    2    6.52371e+06    
