32    2916    2    542    
64    5583    2    917    
128    10459    1    6416    
256    19750    2    3209    
512    38958    3    6292    
1024    77791    4    12459    
2048    159417    2    24917    
4096    312000    2    172667    
8192    639875    2    99083    
16384    1.24425e+06    2    717958    
32768    2.489e+06    2    1.38162e+06    
65536    5.02958e+06    3    2.77212e+06    
131072    1.01361e+07    2    5.86162e+06    
262144    2.14902e+07    2    1.10755e+07    
524288    6.73077e+07    3    6.34504e+06    
