32    583    2    83    
64    792    3    84    
128    1625    3    167    
256    1833    2    250    
512    4208    2    542    
1024    10709    3    958    
2048    22667    2    1958    
4096    39708    2    3792    
8192    73958    4    7833    
16384    150625    8    15708    
32768    321333    5    30500    
65536    583166    3    60875    
131072    1.29754e+06    2    121958    
262144    2.96008e+06    2    244625    
524288    6.53571e+06    2    498083    
1.04858e+06    2.09452e+07    2    979875    
