32    3083    4    541    
64    5167    5    916    
128    9792    3    1625    
256    19667    2    11583    
512    38959    2    6375    
1024    79709    2    12458    
2048    154458    2    88875    
4096    311500    2    173084    
8192    621958    2    344667    
16384    1.24642e+06    2    198250    
32768    2.48454e+06    4    396042    
65536    4.96471e+06    5    791958    
131072    1.00952e+07    3    6.355e+06    
262144    2.80972e+07    2    1.12769e+07    
524288    5.81463e+07    2    2.52274e+07    
