32    3209    2    1917    
64    5458    3    3791    
128    10459    2    7042    
256    20666    2    11708    
512    39000    2    22750    
1024    80125    2    45125    
2048    157000    2    88917    
4096    319833    3    51125    
8192    666458    2    356000    
16384    1.33212e+06    3    694459    
32768    2.52117e+06    5    410750    
65536    5.08479e+06    3    792458    
131072    1.30024e+07    2    5.67083e+06    
262144    2.42092e+07    2    1.14525e+07    
524288    5.84756e+07    2    2.23878e+07    
