32    250    2    42    
64    542    2    84    
128    916    2    167    
256    1917    2    250    
512    3666    2    542    
1024    8417    3    1000    
2048    17500    2    1917    
4096    34875    2    3917    
8192    75167    2    7667    
16384    145167    4    15208    
32768    279375    3    30541    
65536    561875    2    62917    
131072    1.56758e+06    2    122000    
262144    4.08238e+06    2    244250    
524288    1.05165e+07    2    489167    
1.04858e+06    3.4316e+07    2    975459    
