32    2916    4    541    
64    5166    8    833    
128    10417    7    2084    
256    19083    4    3208    
512    40000    2    22958    
1024    95042    2    46792    
2048    161875    3    86792    
4096    314417    2    173083    
8192    648958    2    99167    
16384    1.43467e+06    4    198084    
32768    2.87871e+06    4    406792    
65536    5.68808e+06    2    3.19304e+06    
131072    1.14472e+07    2    5.5845e+06    
262144    2.43976e+07    2    1.17951e+07    
524288    5.3595e+07    2    2.26596e+07    
