32    333    2    83    
64    583    2    83    
128    958    4    125    
256    2000    2    250    
512    3791    2    500    
1024    8500    2    1000    
2048    17958    2    2000    
4096    38958    2    3917    
8192    73375    2    7750    
16384    160625    2    15291    
32768    279167    2    30500    
65536    646000    2    61667    
131072    1.41262e+06    3    124667    
262144    3.60642e+06    2    244583    
524288    9.64333e+06    2    508042    
1.04858e+06    2.87399e+07    2    980083    
