32    375    6    0    
64    458    5    84    
128    916    3    125    
256    1875    2    292    
512    3791    2    459    
1024    8292    2    1000    
2048    19542    2    1917    
4096    39041    2    3834    
8192    76333    3    7666    
16384    150000    2    15250    
32768    303333    2    31375    
65536    573208    2    64875    
131072    1.22338e+06    3    125708    
262144    5.02908e+06    5    244333    
524288    9.68767e+06    3    503750    
1.04858e+06    2.60245e+07    2    1.00775e+06    
2.09715e+06    5.9122e+07    2    1.98221e+06    
4.1943e+06    1.49792e+08    3    4.04533e+06    
8.38861e+06    3.58719e+08    3    8.042e+06    
1.67772e+07    7.24434e+08    2    1.64709e+07    
