32    2917    4    667    
64    5458    2    3375    
128    10333    2    1792    
256    20625    3    3208    
512    39375    5    25208    
1024    80792    3    49708    
2048    156125    2    86542    
4096    317584    2    172750    
8192    627042    2    99125    
16384    1.23396e+06    4    198083    
32768    2.48854e+06    3    417792    
65536    5.07338e+06    2    2.76788e+06    
131072    1.02565e+07    2    5.59083e+06    
262144    2.09845e+07    2    1.30263e+07    
524288    5.2779e+07    2    2.54099e+07    
