32    3250    5    666    
64    5250    9    916    
128    10083    19    1625    
256    20042    31    3209    
512    38833    16    6292    
1024    77708    8    12459    
2048    155709    4    24875    
4096    313416    2    197250    
8192    611334    2    342875    
16384    1.24433e+06    3    789083    
32768    2.49579e+06    4    1.57271e+06    
65536    5.0045e+06    2    3.16896e+06    
131072    1.00488e+07    2    6.30917e+06    
262144    2.18712e+07    3    1.42203e+07    
524288    6.92303e+07    2    2.5353e+07    
