32    2792    2    2084    
64    5417    3    3125    
128    10583    2    1709    
256    20708    2    11583    
512    38291    2    22292    
1024    80834    2    43708    
2048    156667    2    86750    
4096    312875    2    172417    
8192    616167    2    347584    
16384    1.23346e+06    2    709125    
32768    2.47217e+06    2    1.3815e+06    
65536    4.97812e+06    2    792166    
131072    1.12273e+07    2    6.60417e+06    
262144    2.34272e+07    2    1.10918e+07    
524288    7.28712e+07    2    2.52445e+07    
