32    5500    5    2583    
64    5708    7    959    
128    11208    4    1750    
256    20625    2    3334    
512    39375    2    22625    
1024    77708    2    44375    
2048    156042    2    86709    
4096    312958    2    172625    
8192    619792    3    410334    
16384    1.33525e+06    3    928208    
32768    2.50421e+06    2    1.57479e+06    
65536    5.01792e+06    2    3.15929e+06    
131072    1.03722e+07    2    6.33767e+06    
262144    2.37944e+07    2    1.10537e+07    
524288    7.41558e+07    3    2.59887e+07    
