32    375    2    83    
64    833    2    125    
128    917    2    166    
256    1791    2    292    
512    9834    3    500    
1024    8584    5    959    
2048    16958    3    1916    
4096    34917    2    3917    
8192    69625    2    8083    
16384    140125    2    15208    
32768    282917    3    30500    
65536    574833    2    61041    
131072    1.50367e+06    2    126084    
262144    4.30558e+06    3    244125    
524288    1.04828e+07    2    507917    
1.04858e+06    3.50066e+07    2    978792    
