32    333    3    83    
64    625    6    83    
128    958    6    125    
256    1958    3    292    
512    3833    2    500    
1024    9708    2    1000    
2048    18833    3    1959    
4096    41167    4    3958    
8192    74125    2    8208    
16384    156333    2    15209    
32768    293459    2    30417    
65536    571208    2    61000    
131072    1.16771e+06    2    123292    
262144    3.38954e+06    2    243917    
524288    1.10718e+07    2    496542    
1.04858e+06    3.21582e+07    2    984417    
