32    3167    2    1792    
64    5375    2    3334    
128    10292    2    1667    
256    20000    2    3250    
512    38917    2    22500    
1024    78500    3    49750    
2048    155208    3    98625    
4096    312667    2    172875    
8192    617291    2    350417    
16384    1.23646e+06    2    714000    
32768    2.54275e+06    2    1.38158e+06    
65536    5.04296e+06    2    2.84446e+06    
131072    1.01025e+07    2    1.66133e+06    
262144    2.2922e+07    3    3.17317e+06    
524288    8.02475e+07    2    6.33804e+06    
