32    292    2    83    
64    500    3    83    
128    917    4    125    
256    4500    2    250    
512    3750    2    500    
1024    13041    2    958    
2048    21333    2    1916    
4096    41583    2    3833    
8192    83042    2    7625    
16384    168167    2    15250    
32768    342750    2    30958    
65536    725917    2    65791    
131072    1.44838e+06    2    129875    
262144    4.31908e+06    2    251750    
524288    1.06999e+07    3    489542    
1.04858e+06    3.50894e+07    4    981625    
