32    375    2    83    
64    583    3    42    
128    917    2    125    
256    1875    2    250    
512    3750    3    459    
1024    8250    3    959    
2048    17042    2    1917    
4096    35250    2    3792    
8192    71417    2    8084    
16384    154500    2    15709    
32768    288750    2    31416    
65536    608042    2    61166    
131072    1.218e+06    3    122042    
262144    4.159e+06    4    244083    
524288    1.0222e+07    2    519208    
1.04858e+06    2.24062e+07    2    1.04379e+06    
