32    3042    2    2041    
64    5292    2    3791    
128    10417    2    7000    
256    19833    4    14833    
512    52250    4    26042    
1024    83750    2    45000    
2048    165542    2    86500    
4096    323583    3    49583    
8192    655375    2    344875    
16384    1.28221e+06    2    792209    
32768    2.74383e+06    2    1.46233e+06    
65536    5.48125e+06    3    3.18267e+06    
131072    1.37715e+07    3    6.40162e+06    
262144    3.64205e+07    2    1.12355e+07    
524288    5.00112e+07    2    2.22495e+07    
