32    417    2    42    
64    583    2    125    
128    917    2    125    
256    1833    3    250    
512    3625    2    500    
1024    10958    2    959    
2048    17167    2    1917    
4096    34500    2    3875    
8192    70709    2    7625    
16384    148875    2    15792    
32768    286000    2    31541    
65536    778250    3    61167    
131072    1.45108e+06    5    123833    
262144    3.33871e+06    10    253583    
524288    8.10629e+06    6    506792    
1.04858e+06    1.74824e+07    3    1.00779e+06    
