32    334    2    
64    584    2    
128    917    2    
256    2000    2    
512    3667    2    
1024    8375    2    
2048    18833    2    
4096    36667    2    
8192    76958    2    
16384    153417    2    
32768    300208    2    
65536    637833    2    
131072    1.43492e+06    2    
262144    4.49554e+06    3    
524288    1.126e+07    2    
1.04858e+06    3.38449e+07    2    
2.09715e+06    8.22362e+07    4    
4.1943e+06    1.74704e+08    4    
8.38861e+06    3.57142e+08    2    
1.67772e+07    7.08689e+08    2    
