32    3166    2    2209    
64    5375    2    3458    
128    10250    2    1625    
256    19875    2    11416    
512    41792    2    22166    
1024    79792    2    43584    
2048    155458    2    86542    
4096    311000    2    172459    
8192    620542    3    99125    
16384    1.24129e+06    2    198125    
32768    2.48429e+06    2    396125    
65536    4.98517e+06    2    2.76946e+06    
131072    1.23928e+07    2    5.7755e+06    
262144    2.31739e+07    2    1.1166e+07    
524288    8.71368e+07    4    2.85969e+07    
