32    291    2    84    
64    542    2    83    
128    958    4    125    
256    1875    8    250    
512    8333    15    500    
1024    8375    15    1000    
2048    17167    8    2000    
4096    38042    4    3917    
8192    72667    2    7834    
16384    162917    2    15667    
32768    296584    3    30458    
65536    573125    2    61042    
131072    1.40133e+06    2    125042    
262144    3.17292e+06    2    274000    
524288    1.03739e+07    2    503541    
1.04858e+06    3.17212e+07    2    1.0075e+06    
