32    375    3    84    
64    459    5    83    
128    959    6    167    
256    1834    3    250    
512    3625    2    458    
1024    8167    2    959    
2048    16500    2    2125    
4096    43083    2    3833    
8192    85833    2    7666    
16384    180167    3    15250    
32768    350625    6    30458    
65536    639500    7    61000    
131072    1.24904e+06    4    130083    
262144    2.90012e+06    2    247167    
524288    8.07438e+06    2    490416    
1.04858e+06    2.77595e+07    2    985209    
