32    334    2    42    
64    500    4    125    
128    1000    3    125    
256    1875    2    292    
512    3667    2    500    
1024    8459    2    958    
2048    17708    2    1917    
4096    35792    2    3792    
8192    73291    2    7875    
16384    149333    4    15750    
32768    286625    5    30417    
65536    585625    3    60917    
131072    1.31454e+06    2    122333    
262144    2.75983e+06    2    253584    
524288    6.99729e+06    2    490791    
1.04858e+06    2.69543e+07    2    989333    
