32    250    2    42    
64    584    4    84    
128    958    3    125    
256    1834    2    291    
512    3666    2    458    
1024    8042    3    959    
2048    17333    6    1958    
4096    38667    12    3833    
8192    74625    17    7625    
16384    148083    9    15250    
32768    308334    5    30584    
65536    616166    3    60959    
131072    1.30496e+06    2    124458    
262144    3.32733e+06    2    244333    
524288    5.87025e+06    4    487500    
1.04858e+06    1.86053e+07    2    979083    
