32    334    4    83    
64    584    2    84    
128    959    2    125    
256    1875    3    250    
512    3708    2    459    
1024    8334    2    958    
2048    17500    2    1917    
4096    34667    2    3833    
8192    70250    2    7625    
16384    152583    3    15250    
32768    274958    4    30584    
65536    569833    2    62833    
131072    1.23029e+06    2    122166    
262144    2.88567e+06    3    243834    
524288    9.78546e+06    3    488375    
1.04858e+06    3.06353e+07    2    979583    
