32    3333    4    541    
64    5333    2    916    
128    10416    2    6250    
256    20875    3    3250    
512    38333    2    25167    
1024    77000    2    43625    
2048    155833    2    86500    
4096    310666    2    199792    
8192    617250    2    344584    
16384    1.24621e+06    2    689583    
32768    2.53571e+06    2    1.57454e+06    
65536    5.06142e+06    2    2.87017e+06    
131072    1.03674e+07    2    6.463e+06    
262144    3.46201e+07    4    1.69988e+07    
524288    7.33539e+07    8    5.27186e+07    
