32    375    2    83    
64    458    2    84    
128    1083    4    167    
256    1875    2    250    
512    3625    2    500    
1024    8875    2    959    
2048    17667    2    1917    
4096    35250    2    3791    
8192    71500    2    7625    
16384    142791    2    15333    
32768    276125    2    31583    
65536    599541    2    63125    
131072    1.32292e+06    3    122042    
262144    4.16029e+06    2    243875    
524288    9.981e+06    2    502709    
1.04858e+06    3.09676e+07    2    980500    
