32    3209    5    500    
64    5167    3    917    
128    9667    2    6000    
256    22750    2    3250    
512    61208    2    25125    
1024    82833    2    43708    
2048    169125    2    86833    
4096    320542    2    196833    
8192    641542    4    443208    
16384    1.32692e+06    7    1.48367e+06    
32768    2.53667e+06    13    3.28633e+06    
65536    5.6895e+06    8    2.85538e+06    
131072    1.07144e+07    4    1.662e+06    
262144    2.6071e+07    2    3.31954e+06    
524288    6.06585e+07    2    6.42133e+06    
