32    375    2    83    
64    500    2    84    
128    1166    2    166    
256    1833    3    250    
512    3667    3    500    
1024    8459    2    959    
2048    17125    2    1958    
4096    34542    2    3792    
8192    69875    3    7625    
16384    153084    2    15291    
32768    329250    2    31458    
65536    573208    3    60916    
131072    1.24092e+06    2    124084    
262144    2.79458e+06    2    248041    
524288    9.86512e+06    3    545375    
1.04858e+06    3.80762e+07    2    977375    
