32    333    2    84    
64    500    2    42    
128    1042    2    167    
256    1792    2    292    
512    3584    2    500    
1024    8666    3    959    
2048    19000    2    1916    
4096    35542    2    3791    
8192    71459    3    7625    
16384    143458    2    16292    
32768    298208    2    30541    
65536    581458    3    60958    
131072    1.18304e+06    2    129750    
262144    3.84879e+06    2    243625    
524288    9.60462e+06    2    487709    
1.04858e+06    3.78131e+07    2    977708    
