32    333    3    41    
64    541    4    83    
128    917    2    125    
256    1875    2    250    
512    3791    2    459    
1024    8209    2    1000    
2048    18833    2    1917    
4096    34667    3    3958    
8192    73000    2    7666    
16384    147375    2    16500    
32768    291125    2    30417    
65536    580583    3    61042    
131072    1.25029e+06    2    124416    
262144    4.04054e+06    2    245625    
524288    1.02328e+07    2    489500    
1.04858e+06    3.53183e+07    2    981208    
