32    2958    3    2333    
64    5125    2    3500    
128    10167    2    6625    
256    19875    3    3209    
512    39417    2    6250    
1024    78292    2    43709    
2048    158000    2    86667    
4096    312750    2    196959    
8192    637958    4    345542    
16384    1.24646e+06    2    698042    
32768    2.56367e+06    2    1.53179e+06    
65536    5.12042e+06    3    3.17225e+06    
131072    1.39662e+07    3    7.14438e+06    
262144    2.244e+07    2    1.10644e+07    
524288    7.25057e+07    2    2.21434e+07    
