32    3333    2    1917    
64    5458    2    3375    
128    10333    2    6041    
256    20042    2    11834    
512    39750    2    25708    
1024    80292    2    44875    
2048    161000    3    89709    
4096    321250    2    178333    
8192    638667    2    405334    
16384    1.29962e+06    2    711542    
32768    2.59608e+06    2    398250    
65536    4.99342e+06    3    832375    
131072    1.03265e+07    2    6.35675e+06    
262144    2.15528e+07    2    1.11112e+07    
524288    6.44209e+07    2    2.21722e+07    
