32    375    2    83    
64    542    2    83    
128    917    2    167    
256    2000    2    250    
512    3667    2    458    
1024    8625    2    958    
2048    17292    2    1917    
4096    35208    3    3834    
8192    70625    2    8125    
16384    150167    2    15292    
32768    288625    2    31417    
65536    966666    2    61208    
131072    1.255e+06    2    129792    
262144    7.31912e+06    2    243833    
524288    1.0321e+07    3    492167    
1.04858e+06    3.3545e+07    5    987833    
