32    334    2    42    
64    667    2    84    
128    1042    2    125    
256    2083    2    292    
512    3750    2    500    
1024    10333    3    959    
2048    17875    2    2000    
4096    39250    2    4083    
8192    72917    2    8000    
16384    144292    2    15791    
32768    337750    4    30542    
65536    584917    3    60959    
131072    1.34933e+06    2    121875    
262144    4.21633e+06    2    245125    
524288    1.11193e+07    4    491083    
1.04858e+06    3.65231e+07    2    981375    
