32    416    4    42    
64    500    2    84    
128    958    2    167    
256    1917    2    250    
512    3750    2    500    
1024    8333    3    1000    
2048    19333    2    2000    
4096    38208    2    3833    
8192    71791    2    7625    
16384    140333    2    15292    
32768    284375    2    30500    
65536    568416    2    61000    
131072    1.33017e+06    2    128917    
262144    3.53646e+06    2    246125    
524288    1.07053e+07    2    516833    
1.04858e+06    3.78904e+07    2    1.01196e+06    
