32    2917    2    1875    
64    5084    2    3208    
128    10125    3    1667    
256    19125    3    12750    
512    40375    2    22875    
1024    80833    2    51125    
2048    158792    2    98750    
4096    314458    2    173208    
8192    621208    2    393375    
16384    1.25796e+06    3    204291    
32768    2.60588e+06    6    395958    
65536    5.82688e+06    5    792208    
131072    1.25647e+07    3    1.64212e+06    
262144    2.50068e+07    2    1.113e+07    
524288    6.09468e+07    2    2.20578e+07    
