32    3041    3    583    
64    5375    2    3333    
128    10375    2    1666    
256    20417    2    3291    
512    40417    2    22875    
1024    80333    2    51208    
2048    163750    2    101833    
4096    321792    4    51125    
8192    638959    6    102250    
16384    1.28421e+06    3    204125    
32768    2.57304e+06    2    396459    
65536    6.60458e+06    2    2.76762e+06    
131072    1.04021e+07    2    5.53888e+06    
262144    2.36608e+07    3    3.17546e+06    
524288    7.85839e+07    4    6.45492e+06    
