32    292    9    83    
64    500    5    42    
128    916    3    125    
256    1917    2    250    
512    3708    2    500    
1024    8167    2    958    
2048    16667    2    1917    
4096    36500    2    3791    
8192    74500    2    7625    
16384    141708    2    15334    
32768    297333    4    31500    
65536    596500    5    63291    
131072    1.31808e+06    3    125750    
262144    3.46525e+06    2    244959    
524288    9.58771e+06    2    490125    
1.04858e+06    3.07225e+07    2    979167    
