32    333    3    41    
64    500    2    83    
128    917    2    167    
256    2083    2    208    
512    4167    2    500    
1024    8458    2    1000    
2048    17584    2    1958    
4096    37333    2    4042    
8192    75833    3    7625    
16384    146959    2    15250    
32768    279500    2    30542    
65536    601417    3    62833    
131072    1.8575e+06    4    124292    
262144    3.80475e+06    2    246750    
524288    1.02588e+07    2    487917    
1.04858e+06    3.55361e+07    2    975792    
