32    416    2    84    
64    541    2    125    
128    917    3    167    
256    1833    3    250    
512    3625    2    500    
1024    8458    2    1000    
2048    19916    2    2042    
4096    34833    2    3792    
8192    71000    2    7625    
16384    145834    2    15250    
32768    282042    2    30500    
65536    595458    3    61208    
131072    1.33212e+06    4    122083    
262144    3.10783e+06    2    246833    
524288    8.49183e+06    2    489417    
1.04858e+06    3.136e+07    2    1.01958e+06    
