32    2959    2    2250    
64    5667    2    3292    
128    10750    2    7000    
256    19958    2    13000    
512    38833    3    28292    
1024    78542    6    12667    
2048    156250    4    124000    
4096    310584    2    197041    
8192    621125    2    344250    
16384    1.26946e+06    3    198042    
32768    2.48221e+06    5    398833    
65536    5.00371e+06    5    3.56125e+06    
131072    1.02455e+07    3    6.30975e+06    
262144    2.24535e+07    2    1.10725e+07    
524288    6.1093e+07    2    2.21585e+07    
