32    375    4    41    
64    625    3    125    
128    958    2    125    
256    2125    2    250    
512    3792    2    500    
1024    8375    3    958    
2048    18416    5    1958    
4096    35834    5    3958    
8192    78458    3    7833    
16384    150666    2    15250    
32768    279375    2    30708    
65536    593792    3    61167    
131072    1.46579e+06    2    124709    
262144    3.62508e+06    2    260666    
524288    2.16053e+07    3    487833    
1.04858e+06    4.00176e+07    2    976458    
