32    250    2    42    
64    500    2    84    
128    917    2    167    
256    1833    2    250    
512    3583    2    459    
1024    8375    3    958    
2048    18458    6    1916    
4096    34834    3    3834    
8192    70667    2    7625    
16384    140917    2    15209    
32768    282541    3    31375    
65536    584333    2    61125    
131072    1.30567e+06    2    121875    
262144    4.22467e+06    3    245667    
524288    1.22228e+07    2    518208    
1.04858e+06    3.25056e+07    2    977542    
