32    3208    2    1834    
64    5292    2    875    
128    10125    2    5959    
256    19709    3    12959    
512    37792    3    6375    
1024    83959    2    12542    
2048    182500    2    24833    
4096    309000    2    49708    
8192    626166    2    99042    
16384    1.23629e+06    2    783917    
32768    2.47833e+06    2    1.40938e+06    
65536    4.97408e+06    3    2.7785e+06    
131072    1.0178e+07    2    5.55392e+06    
262144    2.98142e+07    2    1.12721e+07    
524288    6.67228e+07    2    2.60795e+07    
