32    3083    3    2334    
64    5292    3    3917    
128    10083    2    6750    
256    22083    2    12792    
512    39250    4    6333    
1024    77792    7    12500    
2048    162708    6    24833    
4096    314833    3    49625    
8192    626333    2    347292    
16384    1.25921e+06    2    693167    
32768    2.48179e+06    3    1.78692e+06    
65536    5.04504e+06    3    3.55696e+06    
131072    1.01087e+07    2    6.32042e+06    
262144    2.14249e+07    2    1.12909e+07    
524288    5.4838e+07    2    2.55628e+07    
