32    3542    3    542    
64    6083    2    958    
128    10959    2    6375    
256    20166    3    13125    
512    42583    5    6500    
1024    84584    3    13250    
2048    159834    2    89334    
4096    326291    2    50625    
8192    685584    2    105375    
16384    1.41733e+06    2    689875    
32768    2.9115e+06    2    1.44629e+06    
65536    6.17033e+06    3    2.76846e+06    
131072    1.21696e+07    2    5.62738e+06    
262144    2.17455e+07    2    3.16792e+06    
524288    7.34318e+07    2    2.30179e+07    
