32    2875    2    2083    
64    5125    4    833    
128    10000    3    1625    
256    19750    2    12959    
512    38833    2    22250    
1024    77750    3    12458    
2048    154792    2    86708    
4096    311500    2    49708    
8192    622833    4    99042    
16384    1.24433e+06    8    198000    
32768    2.531e+06    6    418167    
65536    5.09825e+06    3    794834    
131072    1.02762e+07    2    5.59321e+06    
262144    2.59799e+07    2    3.16979e+06    
524288    6.69131e+07    4    6.34754e+06    
