32    416    2    83    
64    500    2    125    
128    917    2    167    
256    1958    3    250    
512    3583    2    500    
1024    8000    2    958    
2048    16791    2    1916    
4096    34292    2    3833    
8192    69666    3    7625    
16384    144417    2    15208    
32768    285667    2    32875    
65536    587375    2    60916    
131072    1.18079e+06    2    127833    
262144    3.86679e+06    2    245958    
524288    1.01787e+07    2    489750    
1.04858e+06    3.31983e+07    2    979042    
