32    375    1    83    
64    584    2    83    
128    916    2    125    
256    1875    2    250    
512    3833    3    500    
1024    8208    2    1042    
2048    17625    2    1959    
4096    35542    2    3958    
8192    74084    2    7875    
16384    143459    2    15667    
32768    285667    2    30500    
65536    564500    2    60958    
131072    1.28892e+06    2    123333    
262144    3.73562e+06    2    247791    
524288    1.11682e+07    2    489875    
1.04858e+06    3.66344e+07    3    976167    
