32    3250    3    2167    
64    5042    5    4417    
128    10125    3    7459    
256    19958    2    12917    
512    38792    2    22083    
1024    78500    2    49708    
2048    159583    2    86791    
4096    312958    2    172833    
8192    623833    2    345750    
16384    1.24512e+06    2    691000    
32768    2.75483e+06    2    466209    
65536    5.01275e+06    3    804250    
131072    1.01515e+07    2    5.5505e+06    
262144    2.21098e+07    2    3.17012e+06    
524288    7.13549e+07    3    6.33762e+06    
