32    375    2    83    
64    459    2    83    
128    1166    3    125    
256    1833    6    292    
512    3583    5    500    
1024    10458    3    959    
2048    29667    2    1917    
4096    49834    2    3833    
8192    78459    2    7667    
16384    180166    2    15750    
32768    346875    2    31708    
65536    611500    2    63042    
131072    2.33267e+06    2    170083    
262144    4.4265e+06    2    260417    
524288    1.22063e+07    3    488292    
1.04858e+06    3.56154e+07    2    998166    
