32    2958    2    750    
64    5125    2    833    
128    10000    2    5958    
256    19292    2    12750    
512    38333    3    25167    
1024    78042    5    62459    
2048    155041    3    98958    
4096    311459    2    172625    
8192    621125    2    396958    
16384    1.25396e+06    2    788666    
32768    2.493e+06    2    1.62038e+06    
65536    5.22025e+06    2    2.76475e+06    
131072    1.01558e+07    2    5.55083e+06    
262144    2.2068e+07    2    1.26468e+07    
524288    7.15342e+07    2    2.222e+07    
