32    459    2    
64    459    2    
128    1083    2    
256    1792    2    
512    3709    3    
1024    8750    5    
2048    17916    3    
4096    41750    2    
8192    77041    2    
16384    156666    2    
32768    280458    2    
65536    577750    2    
131072    1.26038e+06    2    
262144    3.92558e+06    2    
524288    1.0467e+07    2    
1.04858e+06    3.53265e+07    2    
2.09715e+06    8.24284e+07    2    
4.1943e+06    1.74758e+08    2    
8.38861e+06    3.72632e+08    2    
1.67772e+07    7.06489e+08    2    
