32    2959    2    1917    
64    5458    2    2959    
128    10292    2    5791    
256    19750    2    12708    
512    38208    2    25083    
1024    77458    2    43709    
2048    160833    2    86875    
4096    309833    2    172542    
8192    621709    2    344333    
16384    1.23929e+06    3    786458    
32768    2.47629e+06    2    1.57725e+06    
65536    4.96779e+06    2    2.772e+06    
131072    1.00967e+07    2    6.33717e+06    
262144    2.53528e+07    4    1.09874e+07    
524288    7.05032e+07    6    6.38025e+06    
