32    333    2    83    
64    500    2    84    
128    958    3    125    
256    1875    2    250    
512    3708    2    542    
1024    8083    2    958    
2048    16750    2    1917    
4096    34875    3    3792    
8192    70250    3    7625    
16384    141334    2    15209    
32768    282417    2    30708    
65536    585791    4    61041    
131072    1.221e+06    3    125542    
262144    4.69792e+06    2    246667    
524288    8.2575e+06    2    517166    
1.04858e+06    3.68048e+07    2    982458    
