32    3250    2    2166    
64    5375    2    3292    
128    10542    2    6209    
256    21000    2    3292    
512    40042    2    22625    
1024    81041    2    54959    
2048    168791    3    92791    
4096    338583    2    206750    
8192    656583    2    356250    
16384    1.28196e+06    2    710958    
32768    2.61542e+06    2    1.42954e+06    
65536    6.05246e+06    2    831709    
131072    1.0603e+07    2    5.52458e+06    
262144    2.87368e+07    2    1.3096e+07    
524288    7.81297e+07    2    2.52661e+07    
1.04858e+06    1.94876e+08    2    5.20608e+07    
2.09715e+06    4.0838e+08    2    1.02799e+08    
4.1943e+06    8.58237e+08    3    5.23276e+07    
8.38861e+06    1.79867e+09    5    1.04117e+08    
