32    2791    2    1833    
64    5250    4    917    
128    10667    3    7042    
256    21334    2    12875    
512    41750    2    25209    
1024    81042    3    55792    
2048    164000    6    24833    
4096    316708    5    274417    
8192    626709    3    443458    
16384    1.26421e+06    2    801666    
32768    2.72508e+06    2    1.47033e+06    
65536    5.35242e+06    3    2.83871e+06    
131072    1.17712e+07    2    5.80146e+06    
262144    2.77391e+07    2    1.12305e+07    
524288    5.90064e+07    2    2.24081e+07    
