32    2917    2    5000    
64    5334    3    3667    
128    10250    2    6125    
256    20250    2    11292    
512    38708    2    6458    
1024    77750    2    12500    
2048    156500    3    24959    
4096    314042    3    50750    
8192    633542    2    345625    
16384    1.26421e+06    2    698750    
32768    2.55396e+06    2    1.616e+06    
65536    5.09133e+06    3    2.79483e+06    
131072    1.03752e+07    2    1.61246e+06    
262144    2.19702e+07    2    1.111e+07    
524288    6.61825e+07    2    2.22111e+07    
