32    291    2    84    
64    583    2    84    
128    959    3    166    
256    2084    5    250    
512    3709    10    500    
1024    8417    8    959    
2048    17417    4    2000    
4096    37250    2    3959    
8192    74541    2    7875    
16384    147000    3    15750    
32768    293958    5    30458    
65536    572834    5    61042    
131072    1.18988e+06    3    122125    
262144    2.86412e+06    2    249167    
524288    8.22467e+06    2    505333    
1.04858e+06    3.15099e+07    2    977500    
