32    3083    2    1917    
64    5292    2    3083    
128    10166    2    5833    
256    20000    3    11417    
512    37917    2    22166    
1024    78500    2    43666    
2048    155542    2    24834    
4096    314334    2    49583    
8192    622333    2    99125    
16384    1.23775e+06    2    692250    
32768    2.47625e+06    4    1.38596e+06    
65536    5.00571e+06    2    2.77788e+06    
131072    1.00249e+07    2    1.58383e+06    
262144    2.12165e+07    2    3.16996e+06    
524288    6.7512e+07    3    6.42342e+06    
