32    417    3    41    
64    500    2    83    
128    958    2    167    
256    2041    3    250    
512    3792    2    458    
1024    8458    2    958    
2048    17292    2    2041    
4096    35542    2    3792    
8192    75417    2    7833    
16384    146834    2    15708    
32768    299875    2    30500    
65536    581500    2    60916    
131072    1.31167e+06    2    121917    
262144    4.05371e+06    2    244084    
524288    1.11816e+07    2    487959    
1.04858e+06    3.37428e+07    2    1.00754e+06    
