32    3208    2    542    
64    5250    1    3167    
128    9834    2    5916    
256    20042    2    11500    
512    39375    2    22042    
1024    77458    3    55708    
2048    155125    2    86916    
4096    311208    2    172583    
8192    621542    3    105417    
16384    1.33738e+06    2    827000    
32768    2.49238e+06    2    1.388e+06    
65536    4.99767e+06    2    2.76679e+06    
131072    1.01451e+07    2    5.52812e+06    
262144    2.4446e+07    3    3.19004e+06    
524288    5.90596e+07    2    2.21384e+07    
