32    3542    2    1708    
64    5291    2    3083    
128    10166    2    5875    
256    19792    3    3208    
512    38916    2    22083    
1024    77000    2    12500    
2048    155917    2    24791    
4096    310708    2    172625    
8192    617500    2    99125    
16384    1.23817e+06    2    688250    
32768    2.48254e+06    2    1.57583e+06    
65536    4.97117e+06    2    2.76558e+06    
131072    1.01345e+07    2    1.5865e+06    
262144    2.27176e+07    2    3.17746e+06    
524288    7.27879e+07    3    6.36467e+06    
