32    2916    2    500    
64    5250    2    875    
128    10166    2    5917    
256    19875    3    12708    
512    38667    2    22125    
1024    80125    2    12542    
2048    183625    2    86666    
4096    325000    3    172541    
8192    639292    2    344125    
16384    1.27608e+06    2    689875    
32768    2.52892e+06    3    1.38317e+06    
65536    5.00825e+06    2    792167    
131072    1.10646e+07    2    5.71354e+06    
262144    2.12315e+07    2    3.16788e+06    
524288    7.43385e+07    2    2.26107e+07    
