32    291    6    
64    625    5    
128    4375    3    
256    1875    2    
512    3709    2    
1024    8375    2    
2048    20333    2    
4096    40875    2    
8192    78500    3    
16384    156250    2    
32768    310791    2    
65536    657208    2    
131072    1.22846e+06    3    
262144    4.18196e+06    5    
524288    1.07603e+07    3    
1.04858e+06    2.86177e+07    2    
2.09715e+06    6.07369e+07    2    
4.1943e+06    1.48201e+08    3    
8.38861e+06    3.51051e+08    3    
1.67772e+07    7.28005e+08    2    
