32    375    2    41    
64    500    3    83    
128    959    6    167    
256    1875    4    250    
512    4584    2    500    
1024    12500    2    1000    
2048    20708    2    1875    
4096    34500    2    3791    
8192    80416    2    7625    
16384    167791    2    16250    
32768    326875    2    30500    
65536    670708    2    62792    
131072    1.45762e+06    4    128500    
262144    5.31117e+06    2    243709    
524288    1.02976e+07    2    507167    
1.04858e+06    3.26805e+07    2    975500    
