32    375    2    83    
64    458    2    84    
128    917    2    125    
256    1917    2    250    
512    3584    2    500    
1024    8334    2    959    
2048    16542    2    2000    
4096    38875    2    3958    
8192    79500    2    7667    
16384    143833    2    15792    
32768    368708    2    30500    
65536    681375    2    60958    
131072    1.37038e+06    3    122083    
262144    3.64783e+06    6    244666    
524288    9.68858e+06    5    492042    
1.04858e+06    2.56916e+07    3    984250    
