32    3125    2    2208    
64    5417    2    3209    
128    10500    3    7084    
256    20667    4    11667    
512    40291    2    6500    
1024    86542    2    45333    
2048    158875    3    101583    
4096    321166    2    203000    
8192    642334    2    355875    
16384    1.27562e+06    3    204166    
32768    2.56796e+06    2    1.38904e+06    
65536    5.03583e+06    2    2.7665e+06    
131072    1.02524e+07    3    1.58662e+06    
262144    2.52178e+07    2    1.10612e+07    
524288    7.44333e+07    2    2.21736e+07    
