32    375    2    
64    542    2    
128    1000    3    
256    2250    3    
512    4250    2    
1024    12708    2    
2048    18333    3    
4096    34792    2    
8192    71250    2    
16384    141542    2    
32768    291000    2    
65536    597959    2    
131072    1.25354e+06    2    
262144    3.25717e+06    2    
524288    1.05989e+07    2    
1.04858e+06    3.33852e+07    2    
2.09715e+06    8.25275e+07    2    
4.1943e+06    1.75558e+08    3    
8.38861e+06    3.57729e+08    3    
1.67772e+07    7.27474e+08    2    
