32    375    2    42    
64    667    3    83    
128    916    2    125    
256    1916    2    250    
512    3833    3    458    
1024    7917    6    958    
2048    16792    3    1917    
4096    34583    2    3834    
8192    71583    2    8125    
16384    151541    3    15250    
32768    275833    2    30458    
65536    578125    2    65250    
131072    1.50321e+06    3    126708    
262144    3.867e+06    2    252041    
524288    1.00928e+07    2    489125    
1.04858e+06    3.22315e+07    2    1.01071e+06    
