32    3250    3    500    
64    5125    2    3292    
128    10084    2    1791    
256    19416    2    3166    
512    39333    2    22250    
1024    77500    3    49708    
2048    155542    6    24833    
4096    310167    6    49583    
8192    618000    3    99041    
16384    1.30246e+06    2    210667    
32768    2.69008e+06    2    396083    
65536    4.98683e+06    2    826166    
131072    1.01243e+07    2    1.58646e+06    
262144    2.33745e+07    2    1.11207e+07    
524288    7.41792e+07    2    2.21626e+07    
