32    250    3    41    
64    584    2    84    
128    1041    2    167    
256    1958    3    250    
512    3750    2    500    
1024    8792    2    1000    
2048    18000    2    1917    
4096    35292    2    3791    
8192    70375    2    7625    
16384    166083    2    15291    
32768    297667    2    31584    
65536    629459    2    63042    
131072    1.45683e+06    2    121916    
262144    4.38967e+06    2    244417    
524288    1.13966e+07    2    492125    
1.04858e+06    3.43732e+07    2    1.00783e+06    
