32    3166    2    1875    
64    5250    2    3333    
128    10125    2    1791    
256    19625    2    3209    
512    38417    2    22000    
1024    77750    2    12583    
2048    155000    2    86875    
4096    311750    2    51042    
8192    616416    3    99042    
16384    1.23558e+06    2    692042    
32768    2.48367e+06    2    396125    
65536    4.9815e+06    2    820958    
131072    1.05295e+07    2    1.58721e+06    
262144    2.22266e+07    3    1.10577e+07    
524288    6.36134e+07    2    2.21185e+07    
