32    4625    2    2000    
64    5208    2    875    
128    10292    2    5833    
256    19542    2    3167    
512    38500    2    22042    
1024    77875    2    43667    
2048    153458    3    25000    
4096    331208    4    49625    
8192    622333    2    99166    
16384    1.23683e+06    2    714083    
32768    2.47862e+06    3    1.5785e+06    
65536    5.01475e+06    5    3.96708e+06    
131072    1.02023e+07    9    5.54371e+06    
262144    2.47142e+07    8    2.41791e+07    
524288    5.79234e+07    4    3.26071e+07    
