32    3084    2    2125    
64    5416    2    3375    
128    10209    2    6750    
256    20042    2    3250    
512    38666    2    22375    
1024    88208    3    43708    
2048    159750    3    98667    
4096    310708    2    49750    
8192    618708    2    347084    
16384    1.26362e+06    2    714542    
32768    2.50812e+06    2    1.37821e+06    
65536    4.97346e+06    2    798708    
131072    1.0129e+07    2    1.58379e+06    
262144    2.2188e+07    4    3.19262e+06    
524288    7.34742e+07    4    6.34292e+06    
