32    3083    2    1792    
64    5208    2    3416    
128    10083    2    5959    
256    19667    2    3250    
512    41084    2    23708    
1024    88791    2    44917    
2048    169583    2    24917    
4096    334084    2    172917    
8192    690958    2    347875    
16384    1.27671e+06    2    689791    
32768    2.92204e+06    2    1.38338e+06    
65536    5.69025e+06    3    3.24333e+06    
131072    1.04078e+07    2    5.631e+06    
262144    2.67122e+07    2    1.13551e+07    
524288    7.89388e+07    2    2.24865e+07    
