32    2917    2    1875    
64    5333    2    3125    
128    10250    3    6750    
256    19792    2    11333    
512    38625    2    22250    
1024    79042    2    43667    
2048    157625    3    24875    
4096    309125    4    49583    
8192    619958    2    99166    
16384    1.22871e+06    2    699084    
32768    2.50488e+06    2    401792    
65536    4.98254e+06    3    830083    
131072    1.40463e+07    5    5.59325e+06    
262144    2.09487e+07    3    1.26592e+07    
524288    5.53091e+07    2    2.25858e+07    
