32    3000    2    1958    
64    5250    2    3458    
128    10167    2    5917    
256    19583    3    3250    
512    38208    3    22000    
1024    77834    2    43625    
2048    161167    2    92250    
4096    309833    3    172458    
8192    636958    2    99083    
16384    1.23775e+06    2    689208    
32768    2.48129e+06    2    1.38142e+06    
65536    4.97854e+06    2    2.76562e+06    
131072    1.01869e+07    2    1.58862e+06    
262144    2.26577e+07    2    1.10927e+07    
524288    6.9387e+07    2    2.53174e+07    
