32    375    2    84    
64    500    3    83    
128    9959    2    125    
256    1916    2    250    
512    3791    3    500    
1024    8167    2    958    
2048    21375    2    1917    
4096    34666    4    3792    
8192    68542    3    7625    
16384    137708    2    15209    
32768    285125    2    30500    
65536    581166    2    61000    
131072    1.16821e+06    2    148208    
262144    3.86708e+06    3    246250    
524288    1.08215e+07    2    489834    
1.04858e+06    3.24422e+07    2    980500    
