32    3417    5    625    
64    5416    6    875    
128    10625    4    1708    
256    20125    2    11875    
512    39833    2    6584    
1024    80333    2    45000    
2048    170000    2    25709    
4096    325458    4    51083    
8192    627208    3    99125    
16384    1.32504e+06    2    689000    
32768    2.548e+06    2    1.40071e+06    
65536    4.99108e+06    2    793958    
131072    1.03034e+07    4    1.5855e+06    
262144    3.27267e+07    3    3.16838e+06    
524288    6.3042e+07    2    2.24245e+07    
1.04858e+06    1.38238e+08    2    4.46528e+07    
2.09715e+06    3.30529e+08    3    1.16627e+08    
4.1943e+06    8.34764e+08    2    2.03846e+08    
8.38861e+06    1.67112e+09    2    4.10845e+08    
