32    375    2    42    
64    458    2    84    
128    959    2    166    
256    1792    4    292    
512    3666    6    500    
1024    8667    3    958    
2048    17250    2    1916    
4096    34709    2    3834    
8192    69917    2    7875    
16384    154625    2    16208    
32768    402708    2    31417    
65536    623375    2    60958    
131072    1.34488e+06    2    131334    
262144    5.0395e+06    2    246250    
524288    1.05611e+07    2    488500    
1.04858e+06    3.75361e+07    2    977500    
