32    2917    2    1916    
64    5417    2    3333    
128    10459    2    6959    
256    20500    2    12834    
512    38667    2    22292    
1024    80084    2    49625    
2048    159458    2    86750    
4096    323625    3    221958    
8192    632458    3    446125    
16384    1.26071e+06    2    786167    
32768    2.54033e+06    2    1.57371e+06    
65536    5.04579e+06    4    792083    
131072    1.0197e+07    7    1.58383e+06    
262144    2.44143e+07    13    3.16946e+06    
524288    5.57361e+07    13    6.42362e+06    
