32    3000    2    1833    
64    5250    2    917    
128    10833    2    6167    
256    20083    3    3209    
512    39291    5    6292    
1024    81000    10    12458    
2048    159083    6    24875    
4096    322458    3    49542    
8192    636625    2    351583    
16384    1.27792e+06    2    693667    
32768    2.58317e+06    3    432500    
65536    5.02075e+06    2    2.77421e+06    
131072    1.04229e+07    2    1.58646e+06    
262144    2.39251e+07    2    1.10893e+07    
524288    7.45285e+07    2    2.2235e+07    
