32    3375    2    2083    
64    5208    2    3208    
128    10375    4    7458    
256    20292    7    21792    
512    38250    5    25208    
1024    77417    3    49625    
2048    157583    2    86959    
4096    311542    2    172792    
8192    626292    3    99083    
16384    1.24988e+06    2    694667    
32768    2.48358e+06    2    1.59192e+06    
65536    4.95596e+06    4    3.55675e+06    
131072    1.0008e+07    7    1.58396e+06    
262144    2.19585e+07    4    3.29042e+06    
524288    5.05331e+07    2    6.34058e+06    
