32    3041    2    1792    
64    5333    2    3625    
128    10000    2    5959    
256    31417    2    11541    
512    37917    2    22333    
1024    78625    2    43833    
2048    156958    3    24916    
4096    313625    2    172833    
8192    624541    2    344000    
16384    1.26304e+06    2    727375    
32768    2.4755e+06    2    1.57421e+06    
65536    4.97204e+06    2    3.16046e+06    
131072    1.01595e+07    2    6.36783e+06    
262144    2.71812e+07    3    1.27283e+07    
524288    6.33021e+07    2    2.22522e+07    
