32    3291    3    667    
64    5333    4    875    
128    10666    2    7166    
256    20208    2    11667    
512    39125    2    22833    
1024    80625    2    12875    
2048    159833    2    89500    
4096    328458    2    52792    
8192    639000    3    104417    
16384    1.24821e+06    5    689625    
32768    2.93571e+06    3    1.61996e+06    
65536    5.07929e+06    2    2.77462e+06    
131072    1.02034e+07    2    6.32817e+06    
262144    2.33115e+07    2    1.11127e+07    
524288    6.70848e+07    2    2.22269e+07    
