32    3000    3    542    
64    5375    2    3666    
128    10541    2    6167    
256    19958    2    3333    
512    39541    2    6500    
1024    80500    2    12875    
2048    169083    3    90375    
4096    419125    2    197250    
8192    622000    2    345209    
16384    1.25888e+06    3    198208    
32768    2.98154e+06    5    420167    
65536    6.216e+06    10    795833    
131072    1.16485e+07    6    1.60788e+06    
262144    2.66303e+07    3    3.19138e+06    
524288    5.5635e+07    2    2.57122e+07    
