32    250    2    84    
64    625    2    84    
128    959    2    167    
256    1917    2    250    
512    3625    1    500    
1024    10708    2    959    
2048    22625    3    1916    
4096    40666    3    3834    
8192    81958    2    7625    
16384    157042    2    15250    
32768    330750    2    30459    
65536    662541    2    65708    
131072    1.45883e+06    2    122166    
262144    3.66067e+06    3    246792    
524288    1.06808e+07    5    519250    
1.04858e+06    3.22154e+07    9    979375    
