32    2875    3    1875    
64    5250    2    3625    
128    10292    2    6333    
256    20500    2    11416    
512    40916    2    22083    
1024    79292    2    45125    
2048    161291    2    86958    
4096    312083    2    172750    
8192    621041    2    344625    
16384    1.24004e+06    2    690042    
32768    2.47421e+06    3    396000    
65536    5.24904e+06    2    2.87438e+06    
131072    1.27326e+07    2    1.58942e+06    
262144    2.30621e+07    4    3.17733e+06    
524288    7.39954e+07    6    2.54238e+07    
