32    375    2    42    
64    583    2    83    
128    958    1    125    
256    1917    2    291    
512    3625    2    500    
1024    8500    2    959    
2048    17083    2    1917    
4096    37000    3    3917    
8192    70375    4    7625    
16384    146250    2    15250    
32768    291708    2    31500    
65536    636208    2    61083    
131072    1.91762e+06    2    122042    
262144    3.81712e+06    2    247375    
524288    1.08118e+07    2    490000    
1.04858e+06    3.17537e+07    2    977000    
