32    6834    2    2084    
64    5334    3    3709    
128    10500    2    6167    
256    19959    2    3208    
512    38708    3    22125    
1024    81708    2    43709    
2048    155292    2    24791    
4096    309209    3    197042    
8192    629042    2    344875    
16384    1.24058e+06    2    786041    
32768    2.47783e+06    4    2.00717e+06    
65536    4.98858e+06    5    2.77229e+06    
131072    1.00899e+07    3    1.58371e+06    
262144    2.20637e+07    2    3.17154e+06    
524288    5.27422e+07    2    6.34029e+06    
