32    2916    2    1750    
64    5291    3    3541    
128    10541    2    7041    
256    19708    2    11625    
512    39917    2    22125    
1024    76833    2    49542    
2048    156542    2    87916    
4096    317167    2    52792    
8192    650625    2    344250    
16384    1.24362e+06    2    198125    
32768    2.48946e+06    3    398750    
65536    4.9925e+06    2    2.76796e+06    
131072    1.01183e+07    2    1.58371e+06    
262144    2.1048e+07    4    3.28204e+06    
524288    6.97671e+07    3    6.34792e+06    
