32    333    2    41    
64    458    2    83    
128    1000    2    167    
256    1791    2    250    
512    3709    2    500    
1024    8458    2    958    
2048    17000    2    2084    
4096    34708    2    3792    
8192    69959    2    7625    
16384    141042    2    15209    
32768    280416    2    31458    
65536    889084    2    62584    
131072    1.272e+06    2    122083    
262144    3.71617e+06    2    246375    
524288    1.07745e+07    2    488834    
1.04858e+06    3.51e+07    2    980250    
