32    375    2    83    
64    625    2    125    
128    958    2    167    
256    1917    2    250    
512    3833    2    500    
1024    11416    2    1000    
2048    20666    2    2000    
4096    41583    2    4000    
8192    87542    3    7625    
16384    171625    2    15250    
32768    342792    2    30500    
65536    675334    3    62792    
131072    1.93079e+06    3    122042    
262144    4.46708e+06    2    248334    
524288    1.09561e+07    3    489292    
1.04858e+06    3.72326e+07    2    977334    
