32    3500    2    2208    
64    5208    2    875    
128    10125    2    6083    
256    19042    2    3250    
512    38833    3    22375    
1024    80667    2    44959    
2048    160542    2    101791    
4096    321000    2    198042    
8192    629375    2    419542    
16384    1.25129e+06    2    207292    
32768    2.49658e+06    2    396083    
65536    4.983e+06    3    792042    
131072    1.01292e+07    5    1.62438e+06    
262144    2.45705e+07    10    3.17058e+06    
524288    5.66464e+07    6    2.86849e+07    
