32    333    2    84    
64    458    2    42    
128    917    2    125    
256    1833    2    250    
512    3750    2    500    
1024    8167    2    958    
2048    17375    2    1917    
4096    34542    2    3792    
8192    70084    2    7667    
16384    142334    2    15208    
32768    277667    2    30541    
65536    541916    2    62958    
131072    1.28146e+06    4    125833    
262144    3.52162e+06    3    243833    
524288    9.05938e+06    2    490208    
1.04858e+06    2.77355e+07    2    992916    
