32    3125    5    625    
64    5125    6    917    
128    10916    3    7792    
256    20125    2    11375    
512    38542    2    22375    
1024    78542    2    43792    
2048    155042    2    98750    
4096    313000    4    172792    
8192    667000    3    102875    
16384    1.2705e+06    2    198042    
32768    3.05746e+06    2    406459    
65536    5.63971e+06    4    792167    
131072    1.01522e+07    8    1.58542e+06    
262144    2.38859e+07    5    3.23388e+06    
524288    6.18805e+07    3    6.37188e+06    
