32    3709    2    584    
64    5459    2    3375    
128    10375    2    1625    
256    19625    3    11500    
512    38792    2    25292    
1024    80208    2    49667    
2048    165666    3    25750    
4096    320792    2    173000    
8192    631708    2    346083    
16384    1.3165e+06    3    688542    
32768    2.90842e+06    2    1.39717e+06    
65536    6.44825e+06    2    802291    
131072    1.05155e+07    3    6.48796e+06    
262144    2.84188e+07    2    1.10685e+07    
524288    6.50675e+07    2    2.52743e+07    
