32    2833    2    2084    
64    5292    2    875    
128    25542    2    6125    
256    19958    2    11250    
512    39458    2    6292    
1024    78417    3    43833    
2048    160083    2    86666    
4096    313583    2    172792    
8192    654500    2    367042    
16384    1.26733e+06    2    751042    
32768    2.75771e+06    2    1.44512e+06    
65536    7.17912e+06    2    2.83542e+06    
131072    1.2311e+07    2    5.80658e+06    
262144    2.75545e+07    2    1.14646e+07    
524288    8.50796e+07    3    6.59004e+06    
