32    375    2    42    
64    458    2    84    
128    1333    2    167    
256    1875    2    292    
512    3583    2    500    
1024    11916    2    958    
2048    21333    2    1958    
4096    43000    2    3750    
8192    90292    2    7625    
16384    174083    3    15292    
32768    285250    2    31625    
65536    695666    2    61042    
131072    1.28817e+06    2    122041    
262144    3.48629e+06    2    244333    
524288    1.02402e+07    4    487625    
1.04858e+06    3.94308e+07    5    978708    
