32    250    6    42    
64    500    11    84    
128    1000    13    166    
256    1833    7    292    
512    3625    4    500    
1024    8417    2    958    
2048    17125    2    1959    
4096    38000    3    3833    
8192    71000    5    7875    
16384    144208    10    16375    
32768    332291    6    30458    
65536    581791    3    60959    
131072    1.20146e+06    2    121875    
262144    3.53454e+06    2    251292    
524288    1.18831e+07    2    488500    
1.04858e+06    3.56265e+07    2    980916    
