32    333    2    
64    584    2    
128    1000    4    
256    1792    2    
512    3833    2    
1024    8167    2    
2048    16834    3    
4096    34166    2    
8192    69417    2    
16384    139042    2    
32768    277833    2    
65536    566417    3    
131072    1.1325e+06    2    
262144    3.36817e+06    2    
524288    9.94258e+06    3    
1.04858e+06    3.36428e+07    2    
2.09715e+06    7.61758e+07    2    
4.1943e+06    1.66171e+08    2    
8.38861e+06    3.57354e+08    2    
1.67772e+07    7.11222e+08    2    
