32    250    2    
64    625    2    
128    1334    2    
256    1792    2    
512    3667    2    
1024    8291    2    
2048    17625    2    
4096    36250    2    
8192    70625    2    
16384    140000    2    
32768    287792    4    
65536    567666    2    
131072    1.38904e+06    2    
262144    3.55962e+06    2    
524288    1.03982e+07    2    
1.04858e+06    3.85334e+07    2    
2.09715e+06    8.27783e+07    2    
4.1943e+06    1.77691e+08    2    
8.38861e+06    3.57248e+08    4    
1.67772e+07    7.15796e+08    8    
