32    584    2    84    
64    500    2    125    
128    1917    2    167    
256    1834    2    292    
512    4166    2    500    
1024    10333    2    1000    
2048    21250    2    1916    
4096    34458    2    3959    
8192    74000    2    7625    
16384    140500    2    15750    
32768    291250    2    31500    
65536    597666    3    61000    
131072    1.28371e+06    2    122000    
262144    3.28492e+06    2    246209    
524288    9.74567e+06    2    489791    
1.04858e+06    3.21905e+07    3    975417    
