32    2959    3    2084    
64    5167    2    3250    
128    10833    2    9625    
256    19083    2    12833    
512    38750    2    25291    
1024    82833    4    62250    
2048    165958    4    123708    
4096    340375    2    196000    
8192    667750    2    426750    
16384    1.33129e+06    3    914833    
32768    2.67125e+06    5    1.37933e+06    
65536    5.17933e+06    4    792458    
131072    1.14958e+07    2    1.64333e+06    
262144    2.28588e+07    2    1.11652e+07    
524288    6.37705e+07    2    2.21517e+07    
