32    375    2    83    
64    542    2    84    
128    959    2    125    
256    1834    2    250    
512    3750    2    500    
1024    8542    4    958    
2048    17209    3    1917    
4096    34625    2    3833    
8192    69666    2    7625    
16384    140166    2    15250    
32768    284458    2    30500    
65536    555125    3    62833    
131072    1.30354e+06    2    121959    
262144    3.21904e+06    2    244209    
524288    1.06243e+07    2    516541    
1.04858e+06    3.42779e+07    2    975833    
