32    3459    3    583    
64    5209    2    875    
128    10125    2    5833    
256    20042    4    14291    
512    39250    2    25000    
1024    80333    2    43583    
2048    159375    3    24875    
4096    312166    3    49625    
8192    629083    2    99042    
16384    1.2435e+06    2    690958    
32768    2.479e+06    3    1.57967e+06    
65536    4.97421e+06    2    2.76871e+06    
131072    1.01559e+07    2    5.52892e+06    
262144    2.49454e+07    2    1.11126e+07    
524288    7.0688e+07    2    6.40054e+06    
