32    3167    2    541    
64    5625    2    3292    
128    11000    2    7209    
256    21541    2    13209    
512    40458    2    22208    
1024    76958    2    43625    
2048    154750    2    98834    
4096    311750    3    49625    
8192    640125    5    99125    
16384    1.23658e+06    4    216166    
32768    2.55521e+06    2    1.38342e+06    
65536    5.03475e+06    2    2.76521e+06    
131072    1.08569e+07    3    5.58492e+06    
262144    2.27017e+07    3    3.17254e+06    
524288    5.57792e+07    2    2.28418e+07    
