32    375    4    42    
64    459    2    83    
128    917    2    167    
256    1959    2    250    
512    3750    2    500    
1024    8375    2    1000    
2048    16917    2    1916    
4096    34334    3    3792    
8192    69542    3    7625    
16384    140959    2    15958    
32768    295042    2    30500    
65536    600625    2    66292    
131072    1.45342e+06    2    125750    
262144    5.08462e+06    2    244541    
524288    1.09338e+07    2    492000    
1.04858e+06    3.4167e+07    3    1.00833e+06    
