32    416    2    
64    625    2    
128    1083    2    
256    6666    2    
512    3750    2    
1024    8500    2    
2048    20625    2    
4096    35625    2    
8192    70875    2    
16384    142000    2    
32768    283917    4    
65536    578875    2    
131072    1.30017e+06    2    
262144    3.47746e+06    2    
524288    1.02121e+07    2    
1.04858e+06    3.23469e+07    2    
2.09715e+06    8.08154e+07    2    
4.1943e+06    1.77662e+08    2    
8.38861e+06    3.54641e+08    4    
1.67772e+07    7.13832e+08    8    
