32    375    2    84    
64    542    3    84    
128    916    2    167    
256    1917    2    250    
512    3583    2    500    
1024    8375    2    1041    
2048    18209    2    1958    
4096    35167    2    3916    
8192    71417    4    8000    
16384    166792    6    15708    
32768    349875    3    33917    
65536    614584    2    60916    
131072    1.20212e+06    2    122125    
262144    3.04229e+06    3    244209    
524288    7.99042e+06    5    506750    
1.04858e+06    2.17617e+07    3    1.014e+06    
