32    3084    2    1834    
64    5291    2    3125    
128    10250    2    6083    
256    20125    2    11292    
512    39291    2    22166    
1024    77458    2    43750    
2048    159583    2    86541    
4096    312083    2    172708    
8192    616666    2    345000    
16384    1.24242e+06    2    687875    
32768    2.47779e+06    2    1.37708e+06    
65536    5.84438e+06    2    3.15817e+06    
131072    1.01315e+07    2    5.54188e+06    
262144    2.16232e+07    2    1.10728e+07    
524288    6.71682e+07    2    2.20958e+07    
