32    3084    4    584    
64    5209    2    3042    
128    10167    2    5875    
256    19250    2    11292    
512    38625    2    25000    
1024    79750    2    43708    
2048    160500    2    24875    
4096    309792    4    181083    
8192    615917    2    393500    
16384    1.24033e+06    2    694250    
32768    2.47675e+06    2    1.38458e+06    
65536    4.97529e+06    2    792042    
131072    1.01101e+07    3    1.71929e+06    
262144    2.18412e+07    2    1.1063e+07    
524288    6.61941e+07    2    2.21918e+07    
