32    333    2    42    
64    500    2    84    
128    1000    2    167    
256    1916    2    250    
512    3750    2    500    
1024    8583    3    958    
2048    17250    2    1875    
4096    34833    2    3833    
8192    69583    2    7625    
16384    140084    4    15792    
32768    290083    3    34084    
65536    585042    2    60958    
131072    1.325e+06    2    122250    
262144    4.41383e+06    2    244084    
524288    1.03462e+07    2    488792    
1.04858e+06    3.88656e+07    2    977542    
