32    417    1    
64    583    2    
128    917    2    
256    1959    2    
512    3917    3    
1024    8667    5    
2048    19083    9    
4096    35125    10    
8192    70792    5    
16384    142000    3    
32768    284625    2    
65536    593792    2    
131072    1.27196e+06    2    
262144    4.07008e+06    3    
524288    1.11831e+07    2    
1.04858e+06    3.14822e+07    2    
2.09715e+06    8.06031e+07    2    
4.1943e+06    1.6804e+08    2    
8.38861e+06    3.42303e+08    2    
1.67772e+07    6.99441e+08    2    
