32    334    2    83    
64    500    2    83    
128    1083    2    125    
256    1875    2    292    
512    3792    2    500    
1024    8458    2    1042    
2048    17709    2    1958    
4096    35791    2    3833    
8192    69833    2    7625    
16384    140792    2    15291    
32768    285833    2    31584    
65536    677292    2    60958    
131072    1.28904e+06    2    122083    
262144    4.41767e+06    3    247416    
524288    1.07473e+07    2    491041    
1.04858e+06    3.11388e+07    2    995416    
