32    375    2    42    
64    625    2    125    
128    917    2    125    
256    1750    2    292    
512    3667    2    500    
1024    8292    3    1000    
2048    17292    5    1916    
4096    34625    3    3916    
8192    75250    2    7834    
16384    150083    2    15250    
32768    291250    2    31958    
65536    698916    2    63500    
131072    1.19392e+06    2    122041    
262144    3.82279e+06    3    251750    
524288    1.09205e+07    3    491875    
1.04858e+06    2.89595e+07    2    980458    
