32    375    2    42    
64    625    2    83    
128    959    2    166    
256    1875    2    250    
512    3917    3    500    
1024    8667    3    1000    
2048    17792    2    1959    
4096    36166    2    4084    
8192    71958    2    7916    
16384    145208    2    15708    
32768    300916    3    30541    
65536    564417    2    60958    
131072    1.46654e+06    2    122167    
262144    4.10138e+06    2    243708    
524288    1.03838e+07    2    488625    
1.04858e+06    3.34e+07    2    979334    
