32    417    2    83    
64    542    2    83    
128    958    2    167    
256    4000    2    250    
512    3750    2    500    
1024    10709    3    1000    
2048    19916    5    1959    
4096    40750    3    3833    
8192    77209    2    7667    
16384    171916    2    15250    
32768    387416    2    32333    
65536    653250    2    63042    
131072    1.44583e+06    2    121875    
262144    3.92338e+06    3    243833    
524288    1.05382e+07    3    491833    
1.04858e+06    2.95368e+07    2    1.00571e+06    
