32    2958    3    2083    
64    5500    4    3958    
128    11167    2    6625    
256    26000    2    11375    
512    41125    2    22167    
1024    77959    2    43791    
2048    161625    2    98542    
4096    313250    2    177792    
8192    622917    2    99125    
16384    1.24908e+06    3    198000    
32768    2.50417e+06    6    406041    
65536    5.06071e+06    6    802084    
131072    1.01402e+07    3    1.65529e+06    
262144    2.28291e+07    2    1.28562e+07    
524288    4.73817e+07    2    2.21923e+07    
