32    3167    2    2291    
64    5167    2    3458    
128    11125    2    6625    
256    19834    2    3250    
512    40000    3    22875    
1024    78959    3    45167    
2048    163542    2    86458    
4096    313417    2    172917    
8192    621291    2    393250    
16384    1.23692e+06    2    708000    
32768    2.65325e+06    2    1.4735e+06    
65536    5.00771e+06    2    2.77562e+06    
131072    1.01246e+07    2    6.31158e+06    
262144    2.22792e+07    4    1.42218e+07    
524288    6.6576e+07    3    2.23306e+07    
