32    3542    2    1833    
64    5208    2    3375    
128    10208    2    1833    
256    19625    2    12792    
512    38708    2    22084    
1024    78250    2    43583    
2048    159292    2    98792    
4096    308750    2    172375    
8192    619500    2    344875    
16384    1.23833e+06    2    203417    
32768    2.57696e+06    2    1.38271e+06    
65536    5.05696e+06    2    2.81712e+06    
131072    1.01706e+07    2    5.58967e+06    
262144    2.28055e+07    4    1.43468e+07    
524288    7.06561e+07    3    2.21271e+07    
