32    2833    3    2209    
64    5125    3    3584    
128    10125    2    6041    
256    19417    2    12833    
512    38333    3    6250    
1024    80125    6    12458    
2048    156708    4    24958    
4096    317875    2    173042    
8192    620458    2    122083    
16384    1.27342e+06    2    693917    
32768    2.4955e+06    2    1.38592e+06    
65536    5.04025e+06    2    3.18996e+06    
131072    1.02097e+07    2    6.32658e+06    
262144    2.92206e+07    3    3.17462e+06    
524288    6.38063e+07    2    2.24493e+07    
