32    250    1    
64    625    2    
128    1125    2    
256    2042    2    
512    3792    3    
1024    9000    5    
2048    17458    9    
4096    33917    10    
8192    68833    5    
16384    138917    3    
32768    276042    2    
65536    558792    2    
131072    1.2245e+06    2    
262144    3.62862e+06    3    
524288    1.01643e+07    2    
1.04858e+06    3.37091e+07    2    
2.09715e+06    8.02154e+07    2    
4.1943e+06    1.68548e+08    2    
8.38861e+06    3.43434e+08    2    
1.67772e+07    7.09193e+08    2    
