32    417    2    83    
64    542    2    167    
128    916    2    125    
256    1958    2    250    
512    3667    2    500    
1024    8417    2    958    
2048    19416    4    1917    
4096    34791    7    3833    
8192    70083    4    8167    
16384    151333    2    15750    
32768    290208    2    36083    
65536    612959    2    60917    
131072    1.46983e+06    2    124334    
262144    3.75758e+06    2    255542    
524288    1.14027e+07    2    505125    
1.04858e+06    3.74777e+07    4    979708    
