32    375    3    41    
64    542    2    83    
128    917    2    125    
256    1916    4    250    
512    3750    2    458    
1024    8083    2    958    
2048    16458    2    1959    
4096    34250    2    3834    
8192    76125    2    7625    
16384    157416    2    15250    
32768    291584    3    33167    
65536    640708    2    61042    
131072    1.24254e+06    2    122000    
262144    4.21104e+06    2    245125    
524288    1.08194e+07    3    488958    
1.04858e+06    3.39093e+07    5    1.01583e+06    
