32    3000    2    2000    
64    5583    3    3791    
128    10292    3    6958    
256    23125    2    11625    
512    39167    2    22750    
1024    80333    2    12875    
2048    159500    3    25583    
4096    318791    6    51083    
8192    643125    10    102084    
16384    1.237e+06    5    198000    
32768    2.49046e+06    3    1.808e+06    
65536    5.01146e+06    2    2.77062e+06    
131072    1.00622e+07    2    5.54875e+06    
262144    2.07294e+07    2    3.26292e+06    
524288    4.60429e+07    2    2.21229e+07    
