32    3167    2    1833    
64    5209    2    3083    
128    11083    2    6334    
256    25000    2    13958    
512    38750    2    25167    
1024    78625    2    51708    
2048    178250    2    105709    
4096    357542    3    82875    
8192    688291    5    153500    
16384    1.3625e+06    10    212250    
32768    3.25504e+06    6    2.85917e+06    
65536    5.14133e+06    3    3.6985e+06    
131072    1.23441e+07    2    5.78558e+06    
262144    2.80934e+07    2    1.27473e+07    
524288    6.9065e+07    2    2.55745e+07    
