32    3000    2    1916    
64    5125    2    3333    
128    9875    2    6000    
256    20000    2    11333    
512    39459    2    6292    
1024    77625    4    12459    
2048    154666    4    24959    
4096    321791    2    197084    
8192    625125    2    345334    
16384    1.24783e+06    3    786333    
32768    2.48708e+06    2    1.57421e+06    
65536    4.97188e+06    2    2.83358e+06    
131072    1.1376e+07    2    1.58633e+06    
262144    3.38833e+07    2    1.106e+07    
524288    6.41753e+07    2    2.21605e+07    
