32    250    2    0    
64    459    2    83    
128    1541    2    125    
256    1791    3    292    
512    6500    3    500    
1024    12125    2    959    
2048    21375    2    1917    
4096    38083    4    3791    
8192    84834    6    7584    
16384    172750    3    15333    
32768    333958    2    30625    
65536    1.18483e+06    2    61041    
131072    1.70125e+06    2    122167    
262144    3.95771e+06    2    252000    
524288    1.29208e+07    2    489833    
1.04858e+06    3.35363e+07    2    978875    
