32    375    2    84    
64    541    3    83    
128    917    2    166    
256    1958    2    250    
512    3625    2    500    
1024    8208    2    958    
2048    17292    2    1917    
4096    34417    2    3916    
8192    69709    4    8125    
16384    148708    2    15709    
32768    295458    2    33750    
65536    594834    2    61042    
131072    1.27025e+06    2    125459    
262144    4.97858e+06    3    243917    
524288    9.74175e+06    3    487666    
1.04858e+06    2.84054e+07    2    1.01296e+06    
