32    3125    2    2167    
64    5375    2    3334    
128    10375    3    1708    
256    19916    3    3334    
512    40375    2    22958    
1024    79916    2    13333    
2048    183583    2    89416    
4096    325583    2    51250    
8192    639958    2    102125    
16384    1.28638e+06    4    206084    
32768    2.58933e+06    2    408292    
65536    5.38758e+06    2    2.76738e+06    
131072    1.00672e+07    2    1.58404e+06    
262144    2.1883e+07    2    1.14423e+07    
524288    6.22145e+07    2    2.19956e+07    
1.04858e+06    1.76465e+08    2    5.0764e+07    
2.09715e+06    4.28938e+08    3    2.539e+07    
4.1943e+06    8.49249e+08    2    5.17092e+07    
8.38861e+06    1.7224e+09    2    3.58955e+08    
