32    3750    2    1750    
64    5375    2    3125    
128    10042    2    6167    
256    20208    2    12875    
512    39125    4    22125    
1024    78625    4    17666    
2048    153042    2    24875    
4096    311541    2    172917    
8192    619250    2    345334    
16384    1.24354e+06    2    695292    
32768    2.48267e+06    2    396000    
65536    4.96904e+06    4    3.16383e+06    
131072    1.00902e+07    2    6.30867e+06    
262144    2.36618e+07    2    1.10653e+07    
524288    5.2996e+07    2    6.33933e+06    
