32    3125    2    1792    
64    5333    3    959    
128    10333    2    1708    
256    19959    2    3208    
512    39208    2    22125    
1024    77667    3    12458    
2048    155166    5    24833    
4096    316708    6    49583    
8192    616667    3    344209    
16384    1.24079e+06    2    688916    
32768    2.48192e+06    2    398750    
65536    4.99342e+06    2    791917    
131072    1.01963e+07    2    5.53512e+06    
262144    2.32677e+07    2    3.22421e+06    
524288    7.69708e+07    2    6.34596e+06    
