32    375    2    84    
64    500    2    83    
128    958    2    167    
256    1833    2    250    
512    3667    2    500    
1024    8292    2    958    
2048    17375    2    1875    
4096    34709    2    3792    
8192    69666    3    7625    
16384    140583    2    15250    
32768    276375    2    30584    
65536    572209    3    63125    
131072    1.60104e+06    3    125875    
262144    5.39438e+06    2    244958    
524288    1.10901e+07    3    488083    
1.04858e+06    3.75345e+07    2    994666    
