32    2875    5    500    
64    5083    10    1000    
128    10375    19    1750    
256    19708    20    3208    
512    38750    10    6291    
1024    78041    5    12459    
2048    155250    3    111166    
4096    318208    2    196959    
8192    666750    2    356875    
16384    1.31167e+06    3    210625    
32768    2.51908e+06    2    1.38038e+06    
65536    5.00975e+06    2    2.76312e+06    
131072    1.00549e+07    4    6.3175e+06    
262144    2.19478e+07    2    1.298e+07    
524288    6.31696e+07    2    2.2148e+07    
