32    375    3    41    
64    625    2    83    
128    958    2    167    
256    1792    2    250    
512    3667    2    542    
1024    8584    2    958    
2048    19667    2    2084    
4096    36584    2    3833    
8192    79458    3    7875    
16384    142417    2    15291    
32768    276875    2    31584    
65536    589417    2    61042    
131072    1.294e+06    2    124625    
262144    3.95704e+06    2    249500    
524288    1.06721e+07    2    497250    
1.04858e+06    3.61726e+07    3    1.01671e+06    
