32    3000    3    542    
64    5333    3    917    
128    10500    2    7041    
256    20666    2    11416    
512    39333    2    6291    
1024    80875    3    12459    
2048    154625    6    24791    
4096    311292    4    49541    
8192    621625    2    99083    
16384    1.24433e+06    2    688042    
32768    2.47921e+06    3    1.58183e+06    
65536    5.09783e+06    2    2.76938e+06    
131072    1.02006e+07    2    5.79546e+06    
262144    2.14041e+07    2    1.10874e+07    
524288    6.54936e+07    3    6.40529e+06    
