32    3083    2    750    
64    5500    2    3292    
128    10625    2    6333    
256    20208    2    11291    
512    39375    2    22042    
1024    78542    2    12500    
2048    158000    3    24833    
4096    319125    6    49583    
8192    619750    4    99000    
16384    1.2445e+06    2    198083    
32768    2.53742e+06    2    1.37917e+06    
65536    4.97925e+06    3    792041    
131072    1.00854e+07    5    1.58862e+06    
262144    2.05325e+07    3    1.2625e+07    
524288    5.19497e+07    2    2.52535e+07    
