32    375    1    83    
64    500    3    42    
128    916    2    125    
256    1875    2    250    
512    3750    2    500    
1024    10417    2    1000    
2048    19000    2    1917    
4096    38791    2    3792    
8192    90042    3    7583    
16384    168709    2    15250    
32768    325584    2    30459    
65536    627959    3    61041    
131072    1.25996e+06    2    124167    
262144    3.93475e+06    2    252209    
524288    1.16505e+07    2    502583    
1.04858e+06    3.8165e+07    2    976042    
