32    3167    2    625    
64    5125    2    3250    
128    10250    3    6583    
256    19667    2    11333    
512    37417    2    25166    
1024    80166    2    49625    
2048    161458    2    86625    
4096    310750    3    197000    
8192    639459    5    99125    
16384    1.23425e+06    4    198291    
32768    2.48508e+06    2    396041    
65536    5.00638e+06    2    2.762e+06    
131072    1.05292e+07    2    5.73262e+06    
262144    2.43005e+07    2    1.10755e+07    
524288    7.05156e+07    2    2.26711e+07    
