32    291    2    
64    583    2    
128    1083    2    
256    1916    2    
512    3791    2    
1024    8500    2    
2048    16958    2    
4096    34333    2    
8192    69417    2    
16384    139375    2    
32768    281417    4    
65536    572917    2    
131072    1.29604e+06    2    
262144    3.45142e+06    2    
524288    1.19915e+07    2    
1.04858e+06    3.51805e+07    2    
2.09715e+06    8.06456e+07    2    
4.1943e+06    1.76543e+08    2    
8.38861e+06    3.53258e+08    4    
1.67772e+07    7.1197e+08    8    
