32    333    2    83    
64    542    4    83    
128    1041    6    166    
256    1875    3    250    
512    3875    2    541    
1024    13209    2    1041    
2048    18625    2    1958    
4096    48375    2    3958    
8192    90416    2    7833    
16384    178334    2    15208    
32768    327000    3    30541    
65536    707417    2    61000    
131072    1.50538e+06    2    125459    
262144    3.91921e+06    3    254834    
524288    1.15455e+07    2    503459    
1.04858e+06    3.15535e+07    2    991666    
