32    334    3    41    
64    500    2    42    
128    1041    2    167    
256    1833    3    250    
512    4042    2    500    
1024    8375    2    958    
2048    17041    2    1916    
4096    37375    2    3791    
8192    70625    2    7625    
16384    141500    2    15250    
32768    293583    3    30541    
65536    574167    2    62916    
131072    1.31625e+06    2    121958    
262144    4.95258e+06    2    248208    
524288    9.973e+06    2    497084    
1.04858e+06    3.5539e+07    3    975375    
