32    3125    2    1917    
64    5167    2    3042    
128    10167    2    1667    
256    19375    2    3208    
512    38708    2    6208    
1024    77500    3    44000    
2048    156375    2    98667    
4096    320417    2    172792    
8192    622667    2    344958    
16384    1.24438e+06    2    198125    
32768    2.48125e+06    2    1.38842e+06    
65536    5.54467e+06    2    2.84717e+06    
131072    1.0147e+07    2    6.31733e+06    
262144    2.92876e+07    2    1.1083e+07    
524288    7.79911e+07    2    2.21695e+07    
