32    2917    2    1834    
64    5208    2    3500    
128    10250    2    6042    
256    19667    2    11375    
512    38708    3    25333    
1024    83791    5    43583    
2048    168459    5    123833    
4096    326750    3    196917    
8192    665292    2    348084    
16384    1.32596e+06    3    198125    
32768    2.62788e+06    3    412958    
65536    5.20029e+06    2    2.77267e+06    
131072    1.04098e+07    2    1.61983e+06    
262144    2.3487e+07    3    3.17088e+06    
524288    7.0978e+07    2    2.23209e+07    
