32    2834    2    667    
64    5167    2    875    
128    10166    2    6167    
256    19833    2    11334    
512    38625    2    22083    
1024    77834    2    43875    
2048    158791    2    98917    
4096    310000    4    49625    
8192    625000    4    99041    
16384    1.26458e+06    2    198125    
32768    2.52838e+06    2    1.38058e+06    
65536    5.57829e+06    2    2.95771e+06    
131072    1.54278e+07    3    1.59067e+06    
262144    3.18778e+07    2    1.28379e+07    
524288    5.87673e+07    2    2.23976e+07    
