32    3041    2    1958    
64    5292    2    3166    
128    9875    3    6916    
256    20125    2    12750    
512    39792    2    22209    
1024    78667    3    49708    
2048    154750    5    136541    
4096    311416    8    370500    
8192    624250    4    493875    
16384    1.2405e+06    2    791542    
32768    2.49454e+06    2    1.40054e+06    
65536    5.00188e+06    2    2.77033e+06    
131072    1.01395e+07    3    6.31242e+06    
262144    2.34594e+07    5    1.26324e+07    
524288    8.38628e+07    3    2.53445e+07    
