32    375    6    41    
64    500    11    84    
128    1041    13    125    
256    1875    7    292    
512    3791    4    500    
1024    8792    2    1000    
2048    17750    2    2041    
4096    44500    3    4084    
8192    88709    5    8083    
16384    208917    10    15292    
32768    322708    6    30542    
65536    659208    3    63375    
131072    1.32996e+06    2    122250    
262144    3.66754e+06    2    275333    
524288    1.14668e+07    2    491333    
1.04858e+06    3.58058e+07    2    981500    
