32    2959    2    2000    
64    5250    2    3792    
128    10458    2    6125    
256    20417    2    11250    
512    39000    2    22083    
1024    77125    2    43875    
2048    164625    2    86542    
4096    307417    2    197167    
8192    616417    3    396625    
16384    1.23696e+06    2    689625    
32768    2.47246e+06    2    1.37862e+06    
65536    4.99854e+06    2    2.77088e+06    
131072    1.00691e+07    2    6.35292e+06    
262144    2.28049e+07    2    1.26517e+07    
524288    7.09176e+07    2    2.53335e+07    
