32    375    2    83    
64    500    2    83    
128    1042    2    166    
256    1875    2    250    
512    3750    3    500    
1024    8292    5    1000    
2048    20875    3    1916    
4096    37500    2    3792    
8192    71000    2    7625    
16384    145750    2    15208    
32768    306458    2    32917    
65536    623834    2    60959    
131072    1.32446e+06    2    121958    
262144    3.5595e+06    4    243833    
524288    1.14828e+07    4    508042    
1.04858e+06    3.37938e+07    2    980625    
