32    3083    2    2042    
64    5167    2    3417    
128    10375    2    6250    
256    20084    3    3250    
512    38667    3    6292    
1024    77667    2    43833    
2048    158000    2    24875    
4096    310875    4    49583    
8192    620833    6    99542    
16384    1.24567e+06    3    688833    
32768    2.47767e+06    2    1.37983e+06    
65536    4.98729e+06    2    2.7715e+06    
131072    1.00663e+07    2    5.499e+06    
262144    2.49855e+07    2    1.10657e+07    
524288    5.35084e+07    2    2.21198e+07    
