32    417    2    42    
64    500    2    83    
128    958    3    125    
256    1875    5    250    
512    8334    9    500    
1024    8333    14    1000    
2048    17250    7    2000    
4096    35292    4    3958    
8192    71250    2    7875    
16384    145750    2    15708    
32768    281791    2    30416    
65536    583417    2    60958    
131072    1.38e+06    2    122292    
262144    4.03517e+06    2    253417    
524288    1.04025e+07    2    490000    
1.04858e+06    3.29198e+07    3    978333    
