32    375    6    
64    500    5    
128    916    3    
256    1917    2    
512    3625    2    
1024    8209    2    
2048    21583    2    
4096    40958    2    
8192    80208    3    
16384    160791    2    
32768    315625    2    
65536    628791    2    
131072    1.26429e+06    3    
262144    3.92208e+06    5    
524288    1.1049e+07    3    
1.04858e+06    2.549e+07    2    
2.09715e+06    6.36975e+07    2    
4.1943e+06    1.53107e+08    3    
8.38861e+06    3.63737e+08    3    
1.67772e+07    7.33611e+08    2    
