32    375    4    
64    625    3    
128    1208    2    
256    1917    2    
512    3541    4    
1024    8834    2    
2048    17209    2    
4096    35084    3    
8192    76125    5    
16384    141917    3    
32768    285208    2    
65536    563291    2    
131072    1.27529e+06    2    
262144    3.76388e+06    2    
524288    1.05612e+07    2    
1.04858e+06    3.36111e+07    2    
2.09715e+06    8.23355e+07    3    
4.1943e+06    1.75902e+08    2    
8.38861e+06    3.44225e+08    2    
1.67772e+07    7.15579e+08    2    
