32    250    2    83    
64    500    2    42    
128    916    4    125    
256    1875    2    292    
512    3792    2    500    
1024    9083    2    958    
2048    16834    2    1917    
4096    38167    3    3916    
8192    68792    2    7625    
16384    141250    2    15708    
32768    289459    2    30667    
65536    596208    3    61125    
131072    1.25046e+06    2    122084    
262144    3.614e+06    2    244125    
524288    9.408e+06    3    493875    
1.04858e+06    3.82088e+07    4    1.00654e+06    
