32    250    2    84    
64    500    2    84    
128    917    2    125    
256    1917    3    250    
512    3625    2    500    
1024    8125    2    959    
2048    16292    2    1916    
4096    35083    2    3833    
8192    69916    2    7667    
16384    149000    2    15250    
32768    283250    3    30541    
65536    557250    2    61166    
131072    1.49812e+06    2    125709    
262144    4.23604e+06    2    246208    
524288    1.02663e+07    2    502375    
1.04858e+06    3.38405e+07    3    976958    
