32    3208    2    2083    
64    5292    3    917    
128    10500    5    1667    
256    24375    4    15083    
512    39333    2    26000    
1024    79625    2    45042    
2048    163084    2    89333    
4096    324500    2    203000    
8192    639209    2    405375    
16384    1.3195e+06    3    691750    
32768    2.53383e+06    2    1.38312e+06    
65536    5.03538e+06    2    839208    
131072    1.01965e+07    4    1.58421e+06    
262144    2.58981e+07    8    3.24412e+06    
524288    6.01611e+07    9    6.38871e+06    
