32    250    2    83    
64    583    2    84    
128    959    3    167    
256    1875    2    250    
512    3792    2    459    
1024    8667    2    1000    
2048    17708    3    1916    
4096    35750    2    3834    
8192    74542    2    7584    
16384    144625    2    15250    
32768    284209    2    30625    
65536    585375    2    61042    
131072    1.26375e+06    2    122084    
262144    4.06412e+06    2    243750    
524288    1.03262e+07    2    488250    
1.04858e+06    3.3612e+07    2    979667    
