32    209    2    84    
64    666    2    83    
128    1042    2    125    
256    1875    3    250    
512    3750    3    458    
1024    8125    2    959    
2048    19459    2    1917    
4096    35791    2    4083    
8192    74583    3    7708    
16384    143250    2    15875    
32768    316000    2    30583    
65536    665333    3    60917    
131072    1.28996e+06    2    125583    
262144    2.88154e+06    2    244334    
524288    8.31838e+06    3    506709    
1.04858e+06    3.58228e+07    2    977958    
