32    2959    2    2042    
64    5208    3    3709    
128    10708    2    6125    
256    20584    2    11416    
512    38583    2    21917    
1024    78208    2    43417    
2048    157000    2    24875    
4096    312875    2    49583    
8192    625292    3    105292    
16384    1.24254e+06    6    198000    
32768    2.48308e+06    4    396333    
65536    4.99529e+06    2    2.76304e+06    
131072    1.03561e+07    2    1.62375e+06    
262144    2.32898e+07    3    3.26533e+06    
524288    7.43264e+07    2    2.21828e+07    
1.04858e+06    1.65285e+08    2    1.2672e+07    
2.09715e+06    3.57943e+08    3    8.90864e+07    
4.1943e+06    8.38922e+08    2    1.78715e+08    
8.38861e+06    1.70116e+09    2    3.59844e+08    
