32    250    2    42    
64    584    2    83    
128    917    2    167    
256    1917    2    250    
512    3667    2    500    
1024    8250    2    1000    
2048    16625    2    1917    
4096    34416    2    3958    
8192    72542    2    7875    
16384    146584    3    15708    
32768    302375    2    30667    
65536    572167    2    63208    
131072    1.54871e+06    3    124459    
262144    3.27304e+06    2    254708    
524288    1.03991e+07    2    503834    
1.04858e+06    2.87624e+07    2    1.05742e+06    
