32    375    4    84    
64    542    7    83    
128    959    13    167    
256    1834    26    250    
512    3667    24    500    
1024    9875    12    958    
2048    16917    6    1917    
4096    36750    3    3791    
8192    73875    2    7625    
16384    157167    2    15667    
32768    330833    2    30542    
65536    585708    2    62750    
131072    1.28183e+06    2    121833    
262144    2.9165e+06    2    245292    
524288    1.03407e+07    2    506167    
1.04858e+06    3.46777e+07    2    977584    
