32    333    4    83    
64    542    7    125    
128    917    13    166    
256    1833    26    250    
512    3625    24    458    
1024    8417    12    958    
2048    17375    6    1916    
4096    34708    3    3833    
8192    69833    2    7625    
16384    144041    2    15292    
32768    281792    2    30583    
65536    557083    2    62834    
131072    1.29004e+06    2    125792    
262144    2.79571e+06    2    246542    
524288    1.03836e+07    2    491250    
1.04858e+06    3.47538e+07    2    1.01088e+06    
