32    2917    2    2000    
64    5333    2    3334    
128    10333    3    1708    
256    23834    5    3250    
512    39167    8    6291    
1024    80041    4    12500    
2048    156750    2    99042    
4096    321875    2    175459    
8192    761500    3    99375    
16384    1.28625e+06    2    688875    
32768    2.87025e+06    2    1.697e+06    
65536    6.32358e+06    3    2.80958e+06    
131072    1.05486e+07    2    6.35483e+06    
262144    2.18464e+07    2    1.11655e+07    
524288    6.60601e+07    2    2.2525e+07    
