32    2833    6    2000    
64    5375    3    3667    
128    10500    2    6125    
256    20334    2    11375    
512    42625    2    22042    
1024    77583    3    12625    
2048    153333    2    24917    
4096    310333    2    175333    
8192    619333    3    99083    
16384    1.28867e+06    2    785833    
32768    2.48467e+06    2    1.38008e+06    
65536    5.17658e+06    3    819083    
131072    1.22527e+07    4    1.58692e+06    
262144    3.08309e+07    2    3.23858e+06    
524288    6.19293e+07    2    6.36079e+06    
