32    3000    2    500    
64    5333    4    875    
128    10333    5    1625    
256    19834    3    12875    
512    40000    2    22333    
1024    78208    2    49584    
2048    154208    2    86791    
4096    308542    2    172208    
8192    618500    2    99166    
16384    1.24325e+06    2    198000    
32768    2.47588e+06    3    396000    
65536    5.01629e+06    5    792334    
131072    1.2055e+07    3    1.59608e+06    
262144    2.13864e+07    2    1.26514e+07    
524288    6.03588e+07    2    2.21804e+07    
