32    3000    2    2167    
64    5375    2    3208    
128    10709    2    6250    
256    20083    2    11334    
512    38583    2    25167    
1024    79917    2    51209    
2048    160500    2    98500    
4096    310958    2    196959    
8192    647042    2    393375    
16384    1.24054e+06    3    891125    
32768    2.50892e+06    6    2.76175e+06    
65536    5.02642e+06    11    797083    
131072    1.0097e+07    13    1.59329e+06    
262144    2.07791e+07    7    3.186e+06    
524288    4.28379e+07    4    6.36071e+06    
