32    250    3    
64    584    2    
128    1041    2    
256    1792    2    
512    3708    2    
1024    8084    2    
2048    17041    2    
4096    33917    2    
8192    68542    3    
16384    137125    2    
32768    277333    2    
65536    557417    4    
131072    1.21542e+06    5    
262144    2.92204e+06    3    
524288    9.10671e+06    2    
1.04858e+06    2.93185e+07    2    
2.09715e+06    7.40764e+07    2    
4.1943e+06    1.74984e+08    2    
8.38861e+06    3.56353e+08    2    
1.67772e+07    7.16121e+08    2    
