32    250    3    42    
64    500    2    83    
128    1041    2    167    
256    1916    2    292    
512    3750    2    500    
1024    8708    2    1042    
2048    17666    2    1958    
4096    37041    2    3959    
8192    71666    2    7625    
16384    142750    2    15708    
32768    298917    3    30542    
65536    600000    3    66041    
131072    1.35983e+06    2    124208    
262144    3.79646e+06    2    252542    
524288    1.06566e+07    2    502709    
1.04858e+06    3.37017e+07    2    1.01712e+06    
