32    541    2    42    
64    500    3    83    
128    917    3    125    
256    3167    2    250    
512    4667    2    500    
1024    11334    2    958    
2048    20917    2    1917    
4096    38625    4    3833    
8192    74209    3    7625    
16384    143709    2    15208    
32768    284750    2    33875    
65536    593875    2    61250    
131072    1.74233e+06    2    123459    
262144    3.70621e+06    2    255208    
524288    1.07534e+07    2    521125    
1.04858e+06    3.32738e+07    4    987583    
