32    542    3    41    
64    584    3    83    
128    916    2    167    
256    2500    2    291    
512    4667    2    500    
1024    10708    2    1000    
2048    22125    2    2000    
4096    36917    2    3917    
8192    78125    2    7667    
16384    145417    2    15250    
32768    284708    2    33458    
65536    595000    2    61000    
131072    1.3355e+06    2    122000    
262144    3.673e+06    2    243958    
524288    1.13006e+07    2    504916    
1.04858e+06    3.45225e+07    2    1.01333e+06    
