32    334    4    42    
64    500    5    84    
128    1042    3    125    
256    1833    2    250    
512    3750    2    500    
1024    8625    4    1000    
2048    17042    2    1917    
4096    34417    2    3833    
8192    70250    3    7625    
16384    153416    3    15250    
32768    276625    2    30500    
65536    579166    2    62875    
131072    1.58675e+06    2    130833    
262144    4.75917e+06    2    248708    
524288    1.08936e+07    2    494334    
1.04858e+06    3.33474e+07    2    979542    
