32    417    2    41    
64    500    2    83    
128    1041    2    125    
256    1917    2    250    
512    3750    2    500    
1024    8791    2    1000    
2048    20375    2    2000    
4096    38166    3    3917    
8192    71292    4    7875    
16384    151750    2    15750    
32768    298458    2    30541    
65536    560416    3    61042    
131072    1.25821e+06    2    122125    
262144    2.98496e+06    2    259292    
524288    8.99421e+06    3    489792    
1.04858e+06    3.66252e+07    6    1.0145e+06    
