32    334    3    83    
64    625    2    84    
128    916    2    125    
256    1958    2    250    
512    3625    2    500    
1024    8625    3    959    
2048    17292    3    1916    
4096    34583    2    3792    
8192    69959    2    7625    
16384    143750    4    15250    
32768    286583    2    30500    
65536    581458    2    61125    
131072    1.4185e+06    3    122083    
262144    5.39029e+06    5    247167    
524288    9.79917e+06    3    492500    
1.04858e+06    2.82611e+07    2    1.00933e+06    
