32    583    3    41    
64    500    2    83    
128    2417    2    125    
256    2416    2    250    
512    4166    2    500    
1024    10709    2    958    
2048    20541    2    1917    
4096    34125    2    3833    
8192    69209    3    7625    
16384    138000    2    15250    
32768    271833    2    30458    
65536    552125    4    62833    
131072    1.17858e+06    5    124167    
262144    3.35662e+06    3    244167    
524288    9.62062e+06    2    491000    
1.04858e+06    2.80026e+07    2    990541    
