32    3042    2    2250    
64    5084    2    3334    
128    9875    2    6208    
256    19667    2    11292    
512    38750    2    22000    
1024    89375    3    12458    
2048    175334    4    24833    
4096    308459    2    49583    
8192    620125    2    344791    
16384    1.28775e+06    2    689417    
32768    2.54242e+06    2    1.38254e+06    
65536    4.98321e+06    2    2.766e+06    
131072    1.47285e+07    3    1.61088e+06    
262144    2.28317e+07    5    3.16771e+06    
524288    7.76705e+07    5    6.35962e+06    
