32    250    4    42    
64    625    3    83    
128    958    2    125    
256    1833    2    250    
512    3583    2    500    
1024    8208    2    1000    
2048    17000    2    1916    
4096    35959    2    3833    
8192    70666    2    7625    
16384    143459    3    15250    
32768    284833    3    30542    
65536    563209    2    60959    
131072    1.42475e+06    2    122417    
262144    4.29075e+06    2    244583    
524288    1.03576e+07    2    502583    
1.04858e+06    3.59473e+07    2    976250    
