32    334    2    42    
64    583    2    83    
128    1000    2    167    
256    1958    2    250    
512    3667    2    500    
1024    8417    2    958    
2048    17666    2    1917    
4096    35083    3    3792    
8192    71583    2    7625    
16384    143375    2    15250    
32768    280584    2    31458    
65536    587583    2    60958    
131072    1.23854e+06    2    123917    
262144    3.89842e+06    2    244000    
524288    1.00994e+07    3    489250    
1.04858e+06    3.36825e+07    2    975416    
