32    3000    2    2000    
64    5042    3    875    
128    10167    5    1791    
256    19708    3    3208    
512    38375    2    25166    
1024    81417    2    43708    
2048    154250    2    98917    
4096    310542    3    197542    
8192    619292    2    345375    
16384    1.26746e+06    2    690541    
32768    2.50067e+06    2    396042    
65536    5.1175e+06    3    792000    
131072    1.02382e+07    6    1.58375e+06    
262144    2.25426e+07    8    3.34404e+06    
524288    6.16382e+07    4    6.35579e+06    
