32    333    2    83    
64    583    2    83    
128    1000    3    167    
256    2041    5    291    
512    3875    10    500    
1024    8708    8    1000    
2048    18833    4    1958    
4096    36250    2    4084    
8192    77500    2    7917    
16384    146291    3    15750    
32768    288125    5    30417    
65536    564583    5    62833    
131072    1.44112e+06    3    124042    
262144    2.79771e+06    2    254208    
524288    7.71004e+06    2    490084    
1.04858e+06    3.06043e+07    2    977250    
