32    2875    3    1959    
64    5208    3    3333    
128    10167    2    1625    
256    19791    2    3208    
512    38458    3    6292    
1024    76958    2    12459    
2048    155417    2    86708    
4096    309334    3    172834    
8192    616958    2    345084    
16384    1.239e+06    2    786000    
32768    2.47883e+06    2    1.37917e+06    
65536    5.13171e+06    2    3.27088e+06    
131072    1.09918e+07    2    6.31229e+06    
262144    2.69122e+07    3    1.26252e+07    
524288    6.57972e+07    2    2.21678e+07    
