32    2959    2    541    
64    5167    2    875    
128    10208    2    1625    
256    20083    2    11375    
512    38791    2    6334    
1024    79583    2    43708    
2048    155958    2    86625    
4096    315708    3    221833    
8192    649709    5    646875    
16384    1.29371e+06    3    792291    
32768    3.11604e+06    2    1.43225e+06    
65536    5.99738e+06    2    2.7785e+06    
131072    1.34176e+07    2    5.62083e+06    
262144    2.48614e+07    2    1.12816e+07    
524288    5.93677e+07    2    6.46304e+06    
