32    3000    2    2167    
64    5333    2    3625    
128    10208    2    1625    
256    19625    2    11375    
512    39750    3    25750    
1024    80291    2    51167    
2048    162416    2    89250    
4096    317000    2    175375    
8192    618834    3    344959    
16384    1.24817e+06    2    786667    
32768    2.48321e+06    2    1.3825e+06    
65536    5.00429e+06    3    3.15529e+06    
131072    1.02356e+07    2    5.53842e+06    
262144    2.27976e+07    2    1.11703e+07    
524288    6.42412e+07    2    2.23525e+07    
