32    2875    3    625    
64    5167    2    875    
128    10792    2    6375    
256    20083    2    11167    
512    41458    2    25000    
1024    83417    2    43417    
2048    160500    2    101625    
4096    324333    2    196833    
8192    661916    2    393708    
16384    1.278e+06    3    688667    
32768    3.25096e+06    2    1.40025e+06    
65536    5.94175e+06    2    2.83829e+06    
131072    1.29707e+07    3    6.47533e+06    
262144    3.01741e+07    2    1.28409e+07    
524288    7.47751e+07    2    2.24149e+07    
