32    375    4    83    
64    541    3    83    
128    917    2    125    
256    1959    2    250    
512    3750    2    500    
1024    8334    2    958    
2048    17333    2    1917    
4096    36375    2    3792    
8192    71625    2    7625    
16384    146083    3    15250    
32768    280625    3    30500    
65536    555500    2    62792    
131072    1.44717e+06    2    125625    
262144    4.08667e+06    2    248750    
524288    1.09811e+07    2    489042    
1.04858e+06    3.40919e+07    2    976750    
