32    250    6    41    
64    625    5    42    
128    875    3    125    
256    2334    2    292    
512    6750    2    500    
1024    11375    2    959    
2048    17459    2    2042    
4096    39583    2    3833    
8192    84917    3    7667    
16384    173209    2    15208    
32768    327042    2    31542    
65536    655875    2    61167    
131072    1.2065e+06    3    126334    
262144    5.08612e+06    5    266125    
524288    1.14459e+07    3    552666    
1.04858e+06    2.82826e+07    2    1.007e+06    
2.09715e+06    6.32075e+07    2    1.95921e+06    
4.1943e+06    1.48928e+08    3    4.05808e+06    
8.38861e+06    3.60326e+08    3    7.924e+06    
1.67772e+07    7.44148e+08    2    1.62145e+07    
