32    250    4    42    
64    459    3    83    
128    1125    2    167    
256    2000    2    292    
512    3875    2    500    
1024    11167    3    959    
2048    19959    5    1958    
4096    43000    5    3917    
8192    81375    3    7875    
16384    162542    2    15166    
32768    316792    2    30500    
65536    621625    3    61084    
131072    1.53583e+06    2    125709    
262144    4.75754e+06    2    244333    
524288    1.17814e+07    3    503917    
1.04858e+06    3.24982e+07    2    982333    
