32    4666    2    2000    
64    5375    2    3166    
128    10084    2    6042    
256    22084    3    12875    
512    40041    4    29083    
1024    82209    2    44917    
2048    168000    2    86625    
4096    327750    2    172875    
8192    656209    2    345125    
16384    1.35704e+06    3    198167    
32768    2.54196e+06    4    1.37942e+06    
65536    5.08367e+06    2    3.15671e+06    
131072    1.00931e+07    2    5.54046e+06    
262144    2.21184e+07    3    1.26125e+07    
524288    6.5441e+07    2    2.21268e+07    
