32    3125    2    2000    
64    5334    2    916    
128    10291    2    1709    
256    19958    2    3209    
512    39125    2    22166    
1024    80709    2    43708    
2048    155875    3    24833    
4096    314083    4    49583    
8192    615375    2    99042    
16384    1.23404e+06    2    689750    
32768    2.48371e+06    2    1.38146e+06    
65536    4.9725e+06    2    2.88079e+06    
131072    1.20888e+07    2    6.32529e+06    
262144    2.16089e+07    3    1.26348e+07    
524288    6.5067e+07    2    2.23418e+07    
