32    375    3    42    
64    542    2    125    
128    917    2    125    
256    1833    2    291    
512    3666    2    500    
1024    8541    3    958    
2048    17166    3    1917    
4096    36792    2    3833    
8192    69917    2    7583    
16384    157083    4    15833    
32768    313042    2    31541    
65536    636375    2    60958    
131072    1.44767e+06    3    124833    
262144    4.43642e+06    5    245708    
524288    9.81075e+06    3    490291    
1.04858e+06    3.0556e+07    2    977500    
