32    250    2    42    
64    500    2    84    
128    875    3    125    
256    1917    5    250    
512    3667    4    458    
1024    10875    2    1000    
2048    20208    2    1916    
4096    41583    3    3833    
8192    82208    2    7708    
16384    173583    2    15208    
32768    311250    2    30458    
65536    646833    3    62958    
131072    2.36083e+06    2    121959    
262144    4.16904e+06    2    244500    
524288    9.90008e+06    2    488709    
1.04858e+06    3.27865e+07    2    1.01317e+06    
2.09715e+06    8.03497e+07    3    1.9565e+06    
4.1943e+06    1.72275e+08    3    3.92812e+06    
8.38861e+06    3.56372e+08    2    7.84462e+06    
1.67772e+07    7.11461e+08    2    1.57011e+07    
