32    3000    2    1958    
64    5917    3    1000    
128    11083    2    1750    
256    21500    2    11750    
512    39584    2    22833    
1024    79250    2    45000    
2048    158000    2    180458    
4096    321416    2    196917    
8192    661417    4    496541    
16384    1.28067e+06    5    987334    
32768    2.57629e+06    3    1.58396e+06    
65536    5.071e+06    2    2.77104e+06    
131072    1.01528e+07    2    1.5945e+06    
262144    2.10626e+07    3    3.1725e+06    
524288    5.78827e+07    2    2.21677e+07    
