32    250    2    83    
64    500    2    83    
128    917    2    125    
256    1833    2    250    
512    3583    2    458    
1024    7916    2    959    
2048    17833    2    1916    
4096    34041    2    3792    
8192    69292    2    7625    
16384    146708    2    15250    
32768    274708    2    30459    
65536    563166    2    62959    
131072    1.203e+06    2    121958    
262144    3.38329e+06    2    243708    
524288    1.05005e+07    3    489000    
1.04858e+06    3.2657e+07    5    981542    
