32    375    2    42    
64    459    2    84    
128    959    2    167    
256    1958    2    292    
512    3750    3    458    
1024    8458    5    959    
2048    17583    3    1916    
4096    34916    2    3958    
8192    71625    2    7625    
16384    142542    2    15250    
32768    280041    2    31459    
65536    596417    2    61083    
131072    1.16879e+06    2    125583    
262144    3.70283e+06    2    245084    
524288    1.07078e+07    2    489875    
1.04858e+06    3.72053e+07    3    980958    
