32    3291    2    2125    
64    5208    4    3750    
128    10417    8    1708    
256    20833    6    3208    
512    38625    3    6250    
1024    77375    2    12375    
2048    157667    2    24833    
4096    319958    2    173125    
8192    618000    2    344292    
16384    1.24254e+06    3    691375    
32768    2.48054e+06    2    1.38067e+06    
65536    5.04375e+06    2    2.83492e+06    
131072    1.33345e+07    2    5.69038e+06    
262144    2.4009e+07    2    1.12445e+07    
524288    8.19093e+07    2    2.2512e+07    
