32    3375    4    500    
64    5250    2    3542    
128    10125    2    6167    
256    19792    3    3250    
512    38875    2    25083    
1024    83000    2    43542    
2048    165083    4    98834    
4096    324250    2    172708    
8192    650125    2    402667    
16384    1.27912e+06    2    689041    
32768    2.60425e+06    2    1.38975e+06    
65536    5.49317e+06    3    797916    
131072    1.03109e+07    2    6.32058e+06    
262144    2.17508e+07    2    1.2645e+07    
524288    6.44805e+07    4    6.39829e+06    
