32    333    2    83    
64    541    2    84    
128    916    2    167    
256    1917    3    250    
512    3625    2    500    
1024    10208    2    958    
2048    19667    3    1917    
4096    38667    3    3834    
8192    75667    2    7625    
16384    154292    2    15250    
32768    298834    2    30458    
65536    662125    4    62833    
131072    1.56383e+06    8    122000    
262144    2.41654e+06    8    244208    
524288    6.03646e+06    4    487625    
1.04858e+06    1.5661e+07    2    976333    
