32    334    3    42    
64    583    4    84    
128    917    2    125    
256    1875    2    250    
512    9708    2    458    
1024    8417    3    959    
2048    16542    2    1959    
4096    38083    2    3875    
8192    70500    2    7625    
16384    140583    2    15250    
32768    279375    2    30542    
65536    583334    2    60917    
131072    1.25071e+06    2    121958    
262144    3.41342e+06    2    251292    
524288    1.19802e+07    3    490167    
1.04858e+06    3.56891e+07    5    978667    
