32    2917    2    1917    
64    5333    3    875    
128    10250    2    6666    
256    19333    2    11500    
512    38167    2    25209    
1024    79500    3    56000    
2048    153500    2    86958    
4096    310791    2    172292    
8192    625375    2    364917    
16384    1.23788e+06    2    198125    
32768    2.472e+06    2    1.37708e+06    
65536    5.01054e+06    3    3.15512e+06    
131072    1.01025e+07    2    6.32192e+06    
262144    2.18624e+07    2    1.26963e+07    
524288    6.59181e+07    3    2.85848e+07    
