32    833    3    42    
64    1042    2    83    
128    1833    2    125    
256    2125    2    292    
512    4334    2    500    
1024    9916    2    959    
2048    25416    2    1959    
4096    34542    2    3833    
8192    70541    2    7625    
16384    144542    2    15250    
32768    276541    3    30542    
65536    577417    3    61000    
131072    1.30179e+06    2    121916    
262144    3.63775e+06    2    255500    
524288    9.45075e+06    2    489834    
1.04858e+06    3.64452e+07    2    983166    
