32    3250    3    500    
64    5292    2    916    
128    10959    2    1709    
256    20375    2    11375    
512    39584    2    6333    
1024    80291    2    12500    
2048    155875    2    86833    
4096    308833    2    197125    
8192    620625    2    344500    
16384    1.24221e+06    2    698292    
32768    2.55829e+06    2    396042    
65536    5.02604e+06    2    794916    
131072    1.01614e+07    2    1.58429e+06    
262144    2.65608e+07    2    1.15294e+07    
524288    6.82981e+07    2    2.2249e+07    
