32    2958    2    2083    
64    5250    2    3250    
128    10167    2    1667    
256    19333    2    11208    
512    38500    2    22167    
1024    79250    3    49834    
2048    155333    2    86750    
4096    311584    2    172666    
8192    618917    2    344875    
16384    1.24471e+06    3    198167    
32768    2.69792e+06    3    440042    
65536    4.98771e+06    2    794833    
131072    1.02289e+07    2    5.53483e+06    
262144    2.27636e+07    3    3.17792e+06    
524288    7.89594e+07    3    6.33779e+06    
