32    3250    2    2167    
64    5375    2    3625    
128    9958    4    1667    
256    19583    7    3208    
512    39666    10    6917    
1024    82167    5    13250    
2048    161000    3    24833    
4096    310500    2    172750    
8192    622000    2    344750    
16384    1.24112e+06    2    689041    
32768    2.47842e+06    2    1.37725e+06    
65536    4.96292e+06    3    3.15462e+06    
131072    1.14603e+07    3    1.66171e+06    
262144    2.5867e+07    2    3.16775e+06    
524288    6.55738e+07    2    2.21033e+07    
