32    375    2    42    
64    500    2    125    
128    1042    2    125    
256    1916    2    250    
512    3917    2    500    
1024    10875    2    1000    
2048    19875    2    2000    
4096    41375    3    4000    
8192    70541    2    8083    
16384    172209    2    15250    
32768    327042    2    30500    
65536    597542    2    62917    
131072    1.36104e+06    2    121916    
262144    4.68792e+06    2    248625    
524288    1.06205e+07    3    488666    
1.04858e+06    3.24381e+07    2    975917    
