32    2875    2    2167    
64    5167    2    3333    
128    10083    2    6792    
256    19750    3    11333    
512    38458    2    21958    
1024    77791    2    43666    
2048    155916    2    86625    
4096    351959    2    172958    
8192    626125    2    344375    
16384    1.24408e+06    2    741291    
32768    2.47712e+06    2    396167    
65536    5.0045e+06    2    2.76925e+06    
131072    1.28859e+07    2    5.68588e+06    
262144    2.259e+07    2    3.21038e+06    
524288    7.56285e+07    2    2.24575e+07    
