32    250    2    42    
64    583    2    83    
128    1000    2    167    
256    1916    4    292    
512    3833    6    500    
1024    10125    3    1000    
2048    20375    2    1958    
4096    53333    2    3958    
8192    78042    2    7875    
16384    159416    2    15291    
32768    287375    2    30500    
65536    580875    2    60958    
131072    1.23775e+06    2    121917    
262144    3.53017e+06    3    246459    
524288    1.01163e+07    2    488667    
1.04858e+06    3.17401e+07    2    976542    
