32    334    2    42    
64    542    2    84    
128    958    2    167    
256    1875    2    209    
512    3667    2    500    
1024    8458    2    958    
2048    17042    2    1917    
4096    34750    3    3792    
8192    69500    2    7584    
16384    140166    2    15250    
32768    277250    2    31459    
65536    564458    2    60959    
131072    1.33525e+06    2    127167    
262144    3.59467e+06    2    244834    
524288    1.21888e+07    2    491042    
1.04858e+06    4.23265e+07    2    981083    
