32    375    1    42    
64    459    3    83    
128    917    2    167    
256    1916    2    250    
512    4250    2    500    
1024    16959    2    1000    
2048    18291    2    2000    
4096    38666    2    3916    
8192    72250    3    7666    
16384    143833    2    15250    
32768    275875    2    31625    
65536    603000    3    62833    
131072    1.20817e+06    2    123584    
262144    3.45908e+06    2    246791    
524288    9.52162e+06    2    506333    
1.04858e+06    3.68705e+07    2    1.00996e+06    
