32    3167    5    500    
64    5375    6    917    
128    10166    3    1625    
256    20000    2    3208    
512    39041    2    6291    
1024    77500    2    43833    
2048    155958    2    86542    
4096    312417    3    172250    
8192    617625    3    113458    
16384    1.2635e+06    2    690250    
32768    2.48538e+06    2    1.38083e+06    
65536    5.22883e+06    2    2.87196e+06    
131072    1.15604e+07    2    5.61488e+06    
262144    2.20034e+07    2    1.2611e+07    
524288    6.22715e+07    3    6.36429e+06    
