32    2917    2    1917    
64    5167    3    3458    
128    10125    2    6167    
256    19291    2    12833    
512    38250    2    25125    
1024    78875    2    43833    
2048    158666    4    111250    
4096    308750    3    49625    
8192    647792    2    99083    
16384    1.24267e+06    2    198000    
32768    2.48512e+06    2    398875    
65536    5.06608e+06    2    792334    
131072    1.55188e+07    2    1.60046e+06    
262144    3.53396e+07    4    1.12914e+07    
524288    6.49614e+07    3    2.5486e+07    
