32    292    3    83    
64    791    2    83    
128    959    2    125    
256    2458    3    250    
512    4209    5    500    
1024    11583    3    959    
2048    24208    2    1917    
4096    38125    2    4041    
8192    76500    2    7625    
16384    156167    2    15333    
32768    333625    3    30625    
65536    680958    2    62833    
131072    1.35804e+06    2    121917    
262144    3.68071e+06    4    243917    
524288    1.0062e+07    4    490125    
1.04858e+06    2.65535e+07    2    981083    
