32    541    2    42    
64    708    2    84    
128    917    2    167    
256    2417    2    250    
512    3625    2    500    
1024    10416    2    958    
2048    28417    2    1875    
4096    34041    2    3792    
8192    70250    3    7666    
16384    143250    3    15333    
32768    286167    2    31458    
65536    714209    2    60958    
131072    1.32325e+06    2    121917    
262144    4.13333e+06    2    256500    
524288    1.18183e+07    3    488584    
1.04858e+06    3.49158e+07    2    982708    
