32    1000    2    42    
64    792    2    83    
128    917    3    125    
256    4375    2    250    
512    3584    2    458    
1024    12000    3    958    
2048    23416    2    1917    
4096    43209    2    3833    
8192    77625    2    7667    
16384    160208    2    15250    
32768    308333    2    31416    
65536    653625    2    61250    
131072    1.24725e+06    2    130042    
262144    4.26883e+06    2    245750    
524288    1.09759e+07    3    515041    
1.04858e+06    4.9237e+07    2    1.05338e+06    
