32    2917    2    2250    
64    5291    2    3333    
128    10292    3    1709    
256    20333    2    11416    
512    38666    2    22042    
1024    78417    2    43584    
2048    159375    2    86584    
4096    319500    2    197166    
8192    618875    2    359833    
16384    1.23767e+06    2    791500    
32768    2.48046e+06    3    1.58667e+06    
65536    4.98508e+06    2    2.76367e+06    
131072    1.26434e+07    2    6.51179e+06    
262144    2.55246e+07    2    1.10795e+07    
524288    6.65882e+07    2    2.21084e+07    
