32    250    2    41    
64    542    2    41    
128    917    2    167    
256    1917    3    292    
512    3792    3    542    
1024    8708    2    1042    
2048    22208    2    2041    
4096    40166    4    4083    
8192    78542    6    7916    
16384    151375    3    18209    
32768    302291    2    30458    
65536    608916    2    62791    
131072    1.44088e+06    2    125792    
262144    4.20004e+06    2    246083    
524288    1.12044e+07    2    487458    
1.04858e+06    3.60918e+07    2    977917    
