32    3000    3    542    
64    5375    4    875    
128    10208    2    1625    
256    19625    2    11541    
512    38917    2    22416    
1024    77375    2    12500    
2048    156458    3    24875    
4096    309917    2    172584    
8192    625000    2    344750    
16384    1.23971e+06    2    198042    
32768    2.48767e+06    2    396000    
65536    4.98858e+06    3    2.7625e+06    
131072    1.17493e+07    2    5.7295e+06    
262144    2.29296e+07    2    3.16879e+06    
524288    7.67309e+07    2    6.33896e+06    
