32    2958    3    500    
64    5250    4    917    
128    10250    2    5875    
256    19583    2    11291    
512    38708    3    25250    
1024    76333    5    72333    
2048    155792    10    25042    
4096    312875    7    49625    
8192    622833    4    99042    
16384    1.24208e+06    2    198042    
32768    2.49325e+06    2    1.40967e+06    
65536    5.02667e+06    3    792000    
131072    1.01037e+07    2    5.53217e+06    
262144    2.18448e+07    2    3.17167e+06    
524288    6.73598e+07    4    2.21316e+07    
