32    2875    2    2000    
64    5583    3    3834    
128    10583    3    8125    
256    106167    2    14208    
512    75291    2    27500    
1024    84958    3    52292    
2048    154917    2    98833    
4096    313041    2    174000    
8192    622417    2    347000    
16384    1.40079e+06    3    691167    
32768    4.35233e+06    2    2.35329e+06    
65536    6.00042e+06    2    2.77783e+06    
131072    1.08472e+07    3    6.45104e+06    
262144    2.1677e+07    2    1.34242e+07    
524288    6.8434e+07    2    2.52843e+07    
