32    3042    2    1875    
64    5042    3    3250    
128    11250    2    7292    
256    20209    2    11334    
512    39042    2    22250    
1024    82625    2    13000    
2048    162250    3    25000    
4096    309125    2    172875    
8192    620625    2    99041    
16384    1.24046e+06    2    688709    
32768    2.4775e+06    3    1.57521e+06    
65536    5.5095e+06    2    3.15854e+06    
131072    1.00741e+07    2    5.57262e+06    
262144    2.35453e+07    3    3.17658e+06    
524288    7.47552e+07    2    6.33667e+06    
