32    292    4    83    
64    583    2    83    
128    1000    2    125    
256    1875    3    292    
512    3750    2    500    
1024    9125    2    1000    
2048    18833    2    2042    
4096    37125    2    3959    
8192    82042    2    8125    
16384    173250    3    15250    
32768    351000    4    30500    
65536    684875    2    60958    
131072    1.52212e+06    2    124041    
262144    3.08321e+06    3    247084    
524288    9.30238e+06    3    492709    
1.04858e+06    3.10569e+07    2    977667    
