32    2875    4    667    
64    5334    2    917    
128    10500    2    6125    
256    35250    2    11458    
512    39208    2    22084    
1024    81666    2    43708    
2048    157333    4    111042    
4096    313250    3    197291    
8192    617250    2    349833    
16384    1.23438e+06    2    691791    
32768    2.48742e+06    2    1.57346e+06    
65536    4.97067e+06    4    3.55412e+06    
131072    1.01581e+07    2    6.60333e+06    
262144    2.34587e+07    2    1.13507e+07    
524288    7.25258e+07    3    6.40279e+06    
