32    375    4    83    
64    542    2    83    
128    917    2    167    
256    1917    3    250    
512    3625    2    458    
1024    8750    2    1000    
2048    17167    2    1875    
4096    34416    2    3833    
8192    69958    2    7625    
16384    142208    3    15709    
32768    350583    4    36916    
65536    620875    2    61000    
131072    1.29892e+06    2    124334    
262144    3.1095e+06    3    251500    
524288    1.05965e+07    3    506792    
1.04858e+06    2.97976e+07    2    992750    
