32    375    2    41    
64    541    2    83    
128    959    2    125    
256    1875    2    250    
512    3750    2    500    
1024    8166    2    959    
2048    17375    2    2084    
4096    45417    3    3834    
8192    81167    2    7625    
16384    176459    2    15250    
32768    319583    2    30541    
65536    681792    2    65000    
131072    1.35175e+06    2    121959    
262144    4.04321e+06    2    244291    
524288    1.06993e+07    3    493792    
1.04858e+06    3.31863e+07    2    1.03271e+06    
