32    416    2    84    
64    500    4    125    
128    1000    6    167    
256    1916    3    292    
512    3791    2    500    
1024    8333    2    1000    
2048    17042    2    2000    
4096    36042    2    3959    
8192    72125    2    7875    
16384    148958    2    15750    
32768    287875    3    31208    
65536    569083    2    61083    
131072    1.41238e+06    2    123667    
262144    3.44442e+06    3    247583    
524288    1.14843e+07    2    487625    
1.04858e+06    4.47681e+07    2    988375    
