32    292    2    83    
64    625    2    84    
128    958    2    167    
256    1917    3    250    
512    3834    3    500    
1024    10500    2    1000    
2048    20333    2    1917    
4096    39250    2    3792    
8192    80167    2    7667    
16384    169042    2    15291    
32768    304083    2    30458    
65536    620042    2    61083    
131072    1.211e+06    2    121958    
262144    3.68546e+06    2    244833    
524288    1.02272e+07    2    489708    
1.04858e+06    3.71347e+07    2    1.01025e+06    
