32    5459    2    2041    
64    5167    4    4166    
128    10292    2    6709    
256    20167    2    11542    
512    39500    2    25458    
1024    79458    2    45250    
2048    159917    2    24833    
4096    309209    3    49583    
8192    623208    2    345000    
16384    1.24017e+06    2    691625    
32768    2.48183e+06    2    1.3805e+06    
65536    5.80283e+06    2    2.82958e+06    
131072    1.01285e+07    2    6.32358e+06    
262144    2.35212e+07    3    1.26195e+07    
524288    7.12948e+07    2    2.2117e+07    
