32    375    2    42    
64    500    3    42    
128    916    2    125    
256    1917    2    291    
512    3792    3    500    
1024    8208    2    1000    
2048    17958    2    2042    
4096    38666    3    3916    
8192    73709    2    8167    
16384    150916    2    16208    
32768    300542    3    30500    
65536    576000    2    61000    
131072    1.28638e+06    2    139750    
262144    4.07396e+06    4    251458    
524288    1.11254e+07    3    491750    
1.04858e+06    3.23619e+07    2    977709    
