32    583    4    42    
64    459    3    84    
128    1458    2    166    
256    2084    2    250    
512    4250    2    500    
1024    9791    2    1000    
2048    22667    2    1916    
4096    40667    2    3958    
8192    75458    2    7625    
16384    147000    3    15209    
32768    296792    3    30500    
65536    605500    2    62833    
131072    1.85625e+06    2    122125    
262144    4.31192e+06    2    245125    
524288    1.08021e+07    2    516917    
1.04858e+06    3.32082e+07    2    981916    
