32    375    2    42    
64    500    2    83    
128    959    2    125    
256    1917    4    250    
512    4209    6    541    
1024    9750    3    959    
2048    17583    2    2000    
4096    38375    2    3833    
8192    72083    2    7625    
16384    147875    2    15250    
32768    284250    2    30500    
65536    561000    2    63333    
131072    1.25354e+06    2    123834    
262144    3.62075e+06    3    251625    
524288    1.26294e+07    2    487750    
1.04858e+06    3.1426e+07    2    977042    
