32    2917    2    1791    
64    5125    2    3458    
128    10167    2    6084    
256    19750    2    3250    
512    38584    2    22084    
1024    80750    2    12542    
2048    167750    2    86625    
4096    321208    2    172875    
8192    627584    2    344334    
16384    1.54842e+06    2    785875    
32768    2.67512e+06    2    1.40067e+06    
65536    6.56638e+06    3    848000    
131072    1.23768e+07    5    1.6035e+06    
262144    3.35016e+07    3    3.36125e+06    
524288    6.20332e+07    2    2.22453e+07    
