32    375    4    41    
64    458    2    83    
128    959    2    125    
256    1834    3    250    
512    3584    2    500    
1024    8250    2    958    
2048    17708    2    2042    
4096    39375    4    4125    
8192    86208    7    7791    
16384    178042    9    15750    
32768    364917    5    30667    
65536    662709    3    60958    
131072    1.2845e+06    2    122917    
262144    3.60958e+06    2    252583    
524288    1.22069e+07    2    510000    
1.04858e+06    4.00717e+07    2    1.05042e+06    
