32    916    2    84    
64    500    2    125    
128    1166    2    125    
256    2041    2    250    
512    4250    3    500    
1024    11000    3    959    
2048    21791    2    1916    
4096    34667    2    4083    
8192    71541    3    7833    
16384    169250    2    15750    
32768    286208    2    32000    
65536    610750    2    61042    
131072    1.37521e+06    2    122458    
262144    4.37071e+06    2    244209    
524288    1.08842e+07    4    569833    
1.04858e+06    2.91861e+07    6    1.01146e+06    
