32    3166    2    2000    
64    5125    2    3542    
128    10333    3    1750    
256    20250    4    3250    
512    40959    2    6292    
1024    82459    2    43792    
2048    158959    2    86792    
4096    323542    3    49667    
8192    637500    5    443000    
16384    1.30929e+06    5    993125    
32768    2.64592e+06    3    1.58146e+06    
65536    5.64354e+06    2    2.8785e+06    
131072    1.16918e+07    2    6.47917e+06    
262144    2.29271e+07    2    1.11359e+07    
524288    5.75595e+07    2    2.23517e+07    
