32    2833    3    2125    
64    5125    6    875    
128    10041    11    1667    
256    19833    10    3208    
512    40125    5    6250    
1024    78792    3    12459    
2048    156084    2    24875    
4096    322625    2    172875    
8192    622458    2    393583    
16384    1.24967e+06    2    697875    
32768    2.52608e+06    2    1.3835e+06    
65536    5.03546e+06    2    791958    
131072    1.01305e+07    3    1.60862e+06    
262144    2.22527e+07    5    3.17829e+06    
524288    6.83693e+07    3    2.28105e+07    
