32    375    2    83    
64    583    2    83    
128    1375    2    125    
256    1917    2    250    
512    3625    2    500    
1024    8541    3    959    
2048    17416    5    1958    
4096    35459    9    3916    
8192    73875    7    7875    
16384    154291    4    15833    
32768    309083    2    30459    
65536    589959    2    61000    
131072    1.36246e+06    3    129958    
262144    3.97038e+06    6    246750    
524288    9.931e+06    3    493250    
1.04858e+06    2.34207e+07    2    1.00996e+06    
