32    375    2    42    
64    500    2    42    
128    917    2    125    
256    1916    2    292    
512    3916    2    542    
1024    12875    2    1000    
2048    22625    2    2167    
4096    49833    2    3916    
8192    87250    3    8000    
16384    178834    2    15250    
32768    336041    2    30583    
65536    702250    3    63042    
131072    1.56096e+06    3    124333    
262144    4.62075e+06    2    251375    
524288    1.09196e+07    3    502791    
1.04858e+06    3.55714e+07    2    975542    
