32    3000    2    500    
64    5417    2    3583    
128    10542    2    6250    
256    21125    2    11375    
512    39000    3    28291    
1024    80916    2    51292    
2048    160875    2    86583    
4096    311916    2    172541    
8192    623500    3    99125    
16384    1.2335e+06    2    198084    
32768    2.47754e+06    2    1.38233e+06    
65536    5.12712e+06    3    796917    
131072    1.05489e+07    2    5.54262e+06    
262144    2.27995e+07    2    3.19033e+06    
524288    6.75368e+07    2    2.292e+07    
