32    3375    2    541    
64    5875    2    3708    
128    10833    3    1833    
256    21375    3    3416    
512    41209    2    25833    
1024    82625    2    45250    
2048    211209    3    111375    
4096    333042    5    203500    
8192    641291    3    457208    
16384    1.36317e+06    2    689416    
32768    2.74696e+06    2    1.3775e+06    
65536    5.8235e+06    2    2.91425e+06    
131072    1.3151e+07    3    1.68517e+06    
262144    3.07383e+07    5    3.17158e+06    
524288    7.26945e+07    4    2.58531e+07    
