32    375    2    41    
64    458    2    84    
128    916    2    125    
256    1958    2    292    
512    3666    2    458    
1024    8417    2    1000    
2048    16583    2    1916    
4096    36417    3    4083    
8192    70250    5    7750    
16384    146250    3    15250    
32768    282583    2    30541    
65536    599125    2    60958    
131072    1.54262e+06    2    131125    
262144    4.25e+06    3    254000    
524288    1.08807e+07    2    494291    
1.04858e+06    3.04702e+07    2    997792    
