32    333    2    84    
64    583    3    84    
128    959    4    125    
256    1833    2    250    
512    3583    2    500    
1024    8542    2    1000    
2048    16542    2    1916    
4096    36792    2    3834    
8192    70666    2    7666    
16384    143834    2    15250    
32768    279291    2    31417    
65536    596083    2    61166    
131072    1.19092e+06    2    123417    
262144    4.37296e+06    2    244334    
524288    1.15377e+07    3    521500    
1.04858e+06    3.68913e+07    4    1.00521e+06    
