32    2792    3    2125    
64    5250    2    3250    
128    10292    2    5916    
256    20042    2    13000    
512    38541    2    22250    
1024    77750    2    43541    
2048    155625    2    99167    
4096    311583    4    237208    
8192    689167    4    418584    
16384    1.33412e+06    2    830000    
32768    3.2495e+06    2    1.39629e+06    
65536    5.38083e+06    3    792083    
131072    1.29431e+07    5    1.58583e+06    
262144    3.03891e+07    9    3.17258e+06    
524288    6.33791e+07    11    6.43033e+06    
