32    3000    2    1875    
64    5083    2    3584    
128    10000    2    5958    
256    19917    2    11375    
512    38667    2    6333    
1024    80333    4    12500    
2048    159417    6    25000    
4096    312125    3    49584    
8192    617917    2    361250    
16384    1.26992e+06    2    688167    
32768    2.48533e+06    2    1.38054e+06    
65536    5.11912e+06    2    2.77112e+06    
131072    1.34165e+07    2    5.56725e+06    
262144    2.1702e+07    2    1.13378e+07    
524288    6.79561e+07    2    6.49621e+06    
