32    417    2    84    
64    500    2    84    
128    917    3    167    
256    1834    5    250    
512    3666    9    500    
1024    9000    7    958    
2048    16958    4    1916    
4096    34166    2    3833    
8192    71333    2    7750    
16384    154125    2    15375    
32768    316292    2    30500    
65536    605750    2    61083    
131072    1.28229e+06    2    126333    
262144    3.87429e+06    4    244000    
524288    1.0388e+07    8    495167    
1.04858e+06    2.49425e+07    12    975958    
