32    3333    2    1958    
64    5084    2    875    
128    10083    2    6042    
256    20084    2    11333    
512    39083    2    6333    
1024    77625    4    12542    
2048    155459    2    24791    
4096    330375    2    172583    
8192    622916    2    347417    
16384    1.25288e+06    2    688375    
32768    2.47538e+06    3    396250    
65536    5.68475e+06    2    2.77083e+06    
131072    1.34549e+07    2    5.67562e+06    
262144    2.73451e+07    3    1.30135e+07    
524288    5.94801e+07    2    2.23242e+07    
