32    3250    2    2042    
64    5209    2    3292    
128    10125    2    1833    
256    19541    2    3167    
512    38750    2    6250    
1024    80750    2    43875    
2048    154833    2    98750    
4096    310500    2    196791    
8192    617708    2    345041    
16384    1.23946e+06    2    689375    
32768    2.48125e+06    2    1.40329e+06    
65536    5.02825e+06    2    2.77417e+06    
131072    1.01994e+07    2    5.52992e+06    
262144    3.03793e+07    3    1.2821e+07    
524288    8.71452e+07    5    6.42217e+06    
