32    3125    2    1916    
64    5208    2    3750    
128    10166    3    1834    
256    19208    2    11500    
512    38250    2    22291    
1024    78000    2    43625    
2048    154500    2    24917    
4096    311042    2    172583    
8192    627000    2    99083    
16384    1.25875e+06    2    689167    
32768    2.57079e+06    2    1.37125e+06    
65536    5.03567e+06    3    3.62925e+06    
131072    1.02683e+07    2    5.58471e+06    
262144    3.07479e+07    2    3.173e+06    
524288    7.12305e+07    3    2.22946e+07    
