32    417    2    83    
64    500    2    84    
128    1083    3    166    
256    2125    5    291    
512    8875    10    541    
1024    8541    8    1000    
2048    17500    4    1958    
4096    36917    2    3916    
8192    73958    2    7833    
16384    147291    3    15750    
32768    288583    5    30500    
65536    591541    5    62792    
131072    1.30362e+06    3    122250    
262144    2.93775e+06    2    247083    
524288    8.66083e+06    2    518833    
1.04858e+06    3.12448e+07    2    978209    
