32    292    4    
64    542    2    
128    917    2    
256    1959    3    
512    3959    5    
1024    9750    6    
2048    19833    3    
4096    42125    2    
8192    81375    2    
16384    166708    2    
32768    320250    2    
65536    582334    2    
131072    1.23725e+06    2    
262144    3.77921e+06    2    
524288    1.15371e+07    2    
1.04858e+06    3.20879e+07    3    
2.09715e+06    8.37681e+07    3    
4.1943e+06    1.76433e+08    2    
8.38861e+06    3.56452e+08    2    
1.67772e+07    7.19506e+08    2    
