32    375    2    42    
64    584    2    83    
128    1000    2    166    
256    1875    2    250    
512    3875    2    500    
1024    8792    3    1000    
2048    18166    5    2000    
4096    36875    3    3834    
8192    69375    2    7792    
16384    174709    2    15250    
32768    318042    2    30500    
65536    623917    3    61042    
131072    1.27525e+06    4    121875    
262144    3.44129e+06    2    244125    
524288    8.41242e+06    2    506875    
1.04858e+06    3.34529e+07    3    978542    
