32    3167    2    1916    
64    5291    2    3250    
128    9916    2    1875    
256    19709    3    3250    
512    39333    2    22000    
1024    79917    2    49792    
2048    155417    2    87125    
4096    312334    2    197208    
8192    621250    4    99125    
16384    1.24083e+06    7    198042    
32768    2.49129e+06    5    396000    
65536    4.97762e+06    3    796625    
131072    1.01641e+07    2    5.53258e+06    
262144    2.38643e+07    3    1.11525e+07    
524288    7.1022e+07    2    2.21585e+07    
