32    2667    2    2167    
64    5333    2    3166    
128    10458    2    6125    
256    25458    2    11375    
512    40500    2    22416    
1024    78208    3    12500    
2048    165208    4    26458    
4096    332625    2    51166    
8192    646000    2    344750    
16384    1.282e+06    3    689625    
32768    2.51979e+06    2    1.37675e+06    
65536    5.15158e+06    2    2.77558e+06    
131072    1.01782e+07    2    6.32817e+06    
262144    2.09634e+07    2    1.10402e+07    
524288    6.20989e+07    2    6.34825e+06    
