32    2791    2    1666    
64    5417    2    3625    
128    10250    2    6041    
256    19792    3    3208    
512    38416    6    6250    
1024    80917    4    12416    
2048    171333    2    99000    
4096    326083    2    181917    
8192    669083    2    344584    
16384    1.27888e+06    2    689708    
32768    2.54271e+06    3    1.588e+06    
65536    5.10362e+06    3    3.15604e+06    
131072    1.20685e+07    2    5.53812e+06    
262144    2.12983e+07    2    1.26976e+07    
524288    5.62577e+07    4    6.34583e+06    
