32    2958    2    2458    
64    5375    2    3500    
128    10792    2    6250    
256    20125    2    16958    
512    39667    2    22875    
1024    82209    2    46334    
2048    164833    2    105167    
4096    329292    2    183500    
8192    647916    2    344833    
16384    1.23925e+06    2    823375    
32768    2.49029e+06    2    1.57392e+06    
65536    5.00167e+06    2    2.76288e+06    
131072    1.01036e+07    2    6.30688e+06    
262144    2.72463e+07    2    1.1085e+07    
524288    6.84232e+07    2    2.21205e+07    
