32    250    6    83    
64    458    5    83    
128    917    3    125    
256    1791    2    250    
512    3667    2    458    
1024    8291    2    958    
2048    17042    2    1958    
4096    34291    2    3834    
8192    69666    3    7625    
16384    139834    2    15250    
32768    277250    2    31458    
65536    590583    2    60958    
131072    1.32838e+06    3    122166    
262144    4.04417e+06    5    254959    
524288    1.06316e+07    3    489459    
1.04858e+06    2.79872e+07    2    1.00812e+06    
