32    3167    2    2125    
64    5250    2    3208    
128    9959    2    6791    
256    20084    3    3209    
512    39042    2    6292    
1024    78167    2    43625    
2048    155167    2    86792    
4096    310000    3    173125    
8192    620500    2    347584    
16384    1.25554e+06    2    695292    
32768    2.47538e+06    2    1.385e+06    
65536    4.97179e+06    2    2.76754e+06    
131072    1.34607e+07    2    6.32717e+06    
262144    2.1971e+07    2    1.10607e+07    
524288    7.21798e+07    2    2.55714e+07    
