32    2834    2    2042    
64    5209    2    3208    
128    10709    2    23625    
256    20500    2    16333    
512    38416    2    26125    
1024    80709    2    43709    
2048    164333    3    24833    
4096    330875    3    49708    
8192    626333    2    347750    
16384    1.25679e+06    2    689792    
32768    2.86867e+06    2    396042    
65536    5.08442e+06    4    795042    
131072    1.15016e+07    2    1.60304e+06    
262144    2.33992e+07    2    1.12528e+07    
524288    7.51142e+07    3    2.56489e+07    
