32    3167    2    542    
64    5250    4    1000    
128    10416    6    1708    
256    20208    3    11792    
512    39208    2    22708    
1024    84041    2    45041    
2048    161125    2    89334    
4096    323167    3    203083    
8192    644750    5    516208    
16384    1.28175e+06    5    1.044e+06    
32768    2.48912e+06    3    1.57675e+06    
65536    5.04796e+06    2    2.7635e+06    
131072    1.05068e+07    2    6.31242e+06    
262144    3.12002e+07    2    1.1068e+07    
524288    6.58669e+07    2    6.33783e+06    
1.04858e+06    1.65016e+08    4    1.29775e+07    
2.09715e+06    4.20761e+08    3    2.53696e+07    
4.1943e+06    8.34082e+08    2    2.05412e+08    
8.38861e+06    1.66011e+09    2    3.58731e+08    
