32    334    4    42    
64    625    2    125    
128    917    2    125    
256    1916    2    292    
512    3791    2    458    
1024    8208    2    1000    
2048    16666    2    1917    
4096    35583    3    3833    
8192    70042    3    7625    
16384    142625    2    15291    
32768    278500    2    30708    
65536    621041    2    61334    
131072    2.04504e+06    2    122042    
262144    4.95038e+06    2    251709    
524288    1.3108e+07    2    490208    
1.04858e+06    3.74056e+07    3    975042    
