32    3042    2    542    
64    7458    2    3209    
128    10166    3    1667    
256    19708    2    3209    
512    39000    2    22000    
1024    81875    2    12833    
2048    162334    2    24917    
4096    313584    2    172750    
8192    635458    2    344209    
16384    1.24304e+06    2    687834    
32768    2.50625e+06    2    1.57742e+06    
65536    5.09938e+06    2    2.76571e+06    
131072    1.02017e+07    2    6.31146e+06    
262144    2.67616e+07    2    1.10496e+07    
524288    6.8716e+07    2    2.21152e+07    
