32    3125    2    2375    
64    5375    2    3250    
128    10292    2    5958    
256    20458    2    11292    
512    39292    2    22083    
1024    76209    2    43875    
2048    161291    2    86750    
4096    310292    2    187500    
8192    617917    2    393292    
16384    1.23888e+06    2    788959    
32768    2.48558e+06    2    1.38067e+06    
65536    4.95738e+06    3    3.69604e+06    
131072    1.35562e+07    3    6.33575e+06    
262144    2.11977e+07    2    1.10639e+07    
524288    6.23083e+07    2    2.21704e+07    
