32    375    3    41    
64    500    2    83    
128    1000    2    167    
256    1791    2    250    
512    3834    3    458    
1024    8042    2    1000    
2048    19166    2    1916    
4096    34875    3    3958    
8192    71167    2    7833    
16384    149375    2    15292    
32768    286625    2    30542    
65536    590083    2    60958    
131072    1.30654e+06    2    122166    
262144    3.80767e+06    2    247375    
524288    1.12373e+07    3    490584    
1.04858e+06    3.66185e+07    3    987333    
