32    334    2    84    
64    500    4    83    
128    1000    3    125    
256    1791    2    291    
512    3708    2    500    
1024    8083    3    959    
2048    16834    6    1917    
4096    34416    12    3833    
8192    70084    17    7667    
16384    142708    9    15250    
32768    283708    5    30542    
65536    634875    3    60917    
131072    1.428e+06    2    124333    
262144    2.82192e+06    2    251458    
524288    6.29917e+06    4    526417    
1.04858e+06    2.03283e+07    2    1.01042e+06    
