32    3000    2    1875    
64    5167    3    959    
128    10292    3    1667    
256    20125    2    11541    
512    39458    2    6334    
1024    78083    3    43625    
2048    155000    2    86750    
4096    313375    2    172500    
8192    624458    2    347583    
16384    1.27579e+06    2    689083    
32768    2.49775e+06    2    1.37717e+06    
65536    4.99879e+06    3    3.1625e+06    
131072    1.02391e+07    2    5.53404e+06    
262144    2.17584e+07    2    1.09952e+07    
524288    7.00229e+07    3    2.5237e+07    
