32    3125    4    625    
64    5417    4    1000    
128    11250    2    6083    
256    18833    2    11208    
512    38375    2    25042    
1024    78209    2    49708    
2048    155333    4    24917    
4096    312375    4    49541    
8192    640125    2    99042    
16384    1.23975e+06    2    688500    
32768    2.49267e+06    3    396125    
65536    5.00283e+06    4    792042    
131072    1.01555e+07    2    6.31438e+06    
262144    2.12358e+07    2    1.10794e+07    
524288    5.63598e+07    2    2.21551e+07    
