32    250    3    42    
64    583    2    83    
128    917    2    125    
256    1917    4    250    
512    3625    2    500    
1024    7875    2    958    
2048    18917    2    2125    
4096    36375    2    3875    
8192    71167    2    7625    
16384    145292    2    15250    
32768    274583    3    30625    
65536    553375    2    60959    
131072    1.22283e+06    2    123625    
262144    3.8415e+06    2    246041    
524288    1.09793e+07    3    504042    
1.04858e+06    3.37099e+07    5    975208    
