32    333    2    42    
64    500    2    84    
128    1250    2    167    
256    1917    2    250    
512    3708    2    542    
1024    8875    2    1000    
2048    26375    2    2042    
4096    38291    3    4083    
8192    78875    2    7959    
16384    165125    2    15250    
32768    331709    2    30500    
65536    596209    2    61000    
131072    1.57183e+06    3    122208    
262144    4.01479e+06    5    251458    
524288    1.08236e+07    7    503792    
1.04858e+06    2.61939e+07    4    979709    
