32    417    2    42    
64    625    2    83    
128    1042    2    125    
256    1833    2    250    
512    3750    2    500    
1024    10542    2    1000    
2048    22583    2    1958    
4096    40958    3    3833    
8192    82208    2    7625    
16384    152416    2    15375    
32768    313666    2    30500    
65536    702458    2    60917    
131072    1.42217e+06    2    121875    
262144    4.01733e+06    2    245417    
524288    9.84458e+06    2    491917    
1.04858e+06    3.39137e+07    2    1.01317e+06    
