32    2875    2    500    
64    5333    4    917    
128    10125    8    1625    
256    19833    11    3208    
512    38708    6    6333    
1024    82417    3    12917    
2048    159667    2    24875    
4096    309041    2    199625    
8192    621333    3    99125    
16384    1.23671e+06    5    200833    
32768    2.48217e+06    3    1.642e+06    
65536    5.38858e+06    2    2.77742e+06    
131072    1.22948e+07    2    1.64012e+06    
262144    2.48455e+07    4    3.17571e+06    
524288    5.21146e+07    6    6.4325e+06    
