32    2834    8    541    
64    5625    9    1042    
128    10208    5    1625    
256    19750    3    3209    
512    41167    2    22042    
1024    87375    2    43792    
2048    166584    2    104041    
4096    357458    2    177834    
8192    649416    2    344208    
16384    1.31996e+06    3    212708    
32768    2.82079e+06    5    396417    
65536    5.23242e+06    7    795250    
131072    1.03256e+07    4    1.584e+06    
262144    2.11446e+07    2    3.2575e+06    
524288    6.37827e+07    2    2.23969e+07    
