32    3375    2    2000    
64    5167    2    3833    
128    10125    2    5875    
256    19500    2    11333    
512    38292    2    22042    
1024    83667    2    43459    
2048    161333    3    111166    
4096    326458    2    196833    
8192    648417    2    396875    
16384    1.30225e+06    2    786583    
32768    2.536e+06    2    1.63162e+06    
65536    5.11212e+06    2    2.77083e+06    
131072    1.3969e+07    2    5.53967e+06    
262144    2.2947e+07    2    1.11186e+07    
524288    8.7007e+07    2    2.27208e+07    
