32    3042    2    2000    
64    5083    2    958    
128    10125    2    5958    
256    19709    2    12875    
512    38875    2    22125    
1024    80625    2    45125    
2048    157000    3    111459    
4096    309458    6    49625    
8192    622666    3    99083    
16384    1.25071e+06    2    198042    
32768    2.49408e+06    2    1.38004e+06    
65536    4.99096e+06    3    791916    
131072    1.01027e+07    6    1.58375e+06    
262144    2.1738e+07    3    3.17596e+06    
524288    5.1421e+07    2    6.36029e+06    
