32    291    2    84    
64    500    3    83    
128    958    3    166    
256    1875    2    250    
512    3834    2    500    
1024    8458    3    1000    
2048    21625    2    2000    
4096    40125    2    3958    
8192    91125    4    7833    
16384    167708    8    15250    
32768    329875    5    30500    
65536    680208    3    61500    
131072    1.29375e+06    2    122042    
262144    2.81129e+06    2    243959    
524288    5.95221e+06    2    488792    
1.04858e+06    2.19615e+07    2    980000    
