32    3042    2    542    
64    5125    2    3166    
128    9959    3    6709    
256    20333    2    11209    
512    38916    2    22459    
1024    79125    2    51584    
2048    154916    2    89875    
4096    319125    2    173208    
8192    633958    2    411709    
16384    1.24788e+06    2    794542    
32768    2.48188e+06    2    1.37992e+06    
65536    5.00479e+06    2    792292    
131072    1.01163e+07    2    5.52696e+06    
262144    2.25734e+07    2    1.10686e+07    
524288    7.09602e+07    2    2.21033e+07    
