32    3083    2    2167    
64    5416    2    3167    
128    10375    2    5958    
256    19500    1    11125    
512    38875    2    21917    
1024    79416    2    49625    
2048    163625    2    86625    
4096    313458    2    172250    
8192    618583    3    393875    
16384    1.2405e+06    2    805625    
32768    2.47767e+06    2    1.38367e+06    
65536    4.96379e+06    3    792042    
131072    1.0185e+07    2    5.57092e+06    
262144    2.28892e+07    2    3.16904e+06    
524288    6.47057e+07    2    2.21919e+07    
