32    3167    2    584    
64    5375    2    833    
128    10084    2    5917    
256    19584    4    14167    
512    38667    2    25375    
1024    78792    2    43583    
2048    154333    2    89750    
4096    308125    2    173125    
8192    619000    2    344708    
16384    1.28483e+06    2    825208    
32768    2.70058e+06    3    402833    
65536    4.98796e+06    3    792791    
131072    1.01008e+07    2    5.5585e+06    
262144    2.11658e+07    2    1.10566e+07    
524288    6.33915e+07    2    2.20619e+07    
