32    291    2    42    
64    625    2    84    
128    1208    2    125    
256    1875    3    250    
512    3959    2    500    
1024    11625    2    1000    
2048    20750    3    1959    
4096    45292    2    3916    
8192    86125    2    7834    
16384    170875    2    15250    
32768    335458    2    30541    
65536    642833    3    63208    
131072    1.72592e+06    2    122125    
262144    3.07192e+06    2    244167    
524288    9.87925e+06    2    492125    
1.04858e+06    3.40038e+07    3    1.01967e+06    
