32    3417    2    542    
64    5000    2    3166    
128    10041    2    1708    
256    22375    3    3167    
512    38333    2    6292    
1024    80667    2    43708    
2048    156750    3    101292    
4096    315792    2    172834    
8192    614667    2    344333    
16384    1.24112e+06    2    786208    
32768    2.47771e+06    3    1.79325e+06    
65536    5.07975e+06    2    3.15988e+06    
131072    1.01221e+07    2    5.5255e+06    
262144    2.55878e+07    2    3.17317e+06    
524288    8.9515e+07    2    2.23983e+07    
