32    3250    3    2208    
64    5542    2    3292    
128    10292    2    6208    
256    20875    3    13333    
512    40375    4    32334    
1024    80208    3    57542    
2048    158667    2    92334    
4096    319584    2    178250    
8192    636000    2    408625    
16384    1.2745e+06    4    204041    
32768    2.67233e+06    5    401083    
65536    4.97296e+06    3    799083    
131072    1.00796e+07    2    5.52592e+06    
262144    2.05742e+07    2    1.262e+07    
524288    5.81445e+07    2    2.28582e+07    
