32    375    2    42    
64    583    2    83    
128    916    2    125    
256    1833    2    292    
512    3667    2    458    
1024    8458    2    958    
2048    17625    2    1917    
4096    35250    2    4042    
8192    76125    2    7625    
16384    143750    2    15250    
32768    298042    2    31625    
65536    595041    3    63292    
131072    1.26833e+06    2    122125    
262144    3.41117e+06    2    245208    
524288    1.01938e+07    2    489583    
1.04858e+06    3.5439e+07    3    976417    
