32    3000    1    2041    
64    5500    2    917    
128    10333    2    1709    
256    20750    2    11459    
512    38500    2    6375    
1024    77041    3    12459    
2048    154750    3    24833    
4096    313333    2    172708    
8192    621042    2    344500    
16384    1.23154e+06    4    198000    
32768    2.47679e+06    3    396000    
65536    4.9655e+06    2    792000    
131072    1.00979e+07    2    1.59362e+06    
262144    2.08361e+07    2    1.14597e+07    
524288    6.57512e+07    4    2.27854e+07    
