32    3166    3    541    
64    5167    2    3125    
128    10917    2    6417    
256    19583    2    11333    
512    38959    2    22083    
1024    77875    2    43458    
2048    156000    2    86459    
4096    311792    3    196875    
8192    619208    5    493667    
16384    1.26667e+06    7    813792    
32768    2.56575e+06    4    1.83208e+06    
65536    5.14858e+06    2    3.17e+06    
131072    1.01566e+07    2    6.53554e+06    
262144    2.3339e+07    3    1.10703e+07    
524288    7.35312e+07    2    2.21952e+07    
