32    542    2    42    
64    959    2    83    
128    917    2    125    
256    2208    2    292    
512    4208    2    500    
1024    12375    2    1000    
2048    22125    2    2000    
4096    47208    4    4125    
8192    76875    5    7875    
16384    146583    3    15667    
32768    296833    2    30500    
65536    596625    2    60917    
131072    1.69417e+06    2    121959    
262144    3.89138e+06    2    251916    
524288    1.05499e+07    2    488333    
1.04858e+06    3.4653e+07    2    979291    
