32    584    2    83    
64    1042    2    83    
128    917    2    166    
256    2416    2    292    
512    5375    3    500    
1024    10833    3    1042    
2048    23958    2    2042    
4096    38167    2    3958    
8192    70584    4    7875    
16384    182500    7    15250    
32768    324500    4    30542    
65536    634708    2    61291    
131072    1.31383e+06    2    122083    
262144    2.95038e+06    2    244791    
524288    7.11121e+06    2    503583    
1.04858e+06    2.84165e+07    2    976666    
