32    291    2    42    
64    584    2    83    
128    916    2    125    
256    1791    2    250    
512    3708    3    500    
1024    8375    3    958    
2048    17167    2    1917    
4096    34584    2    3833    
8192    71375    3    7625    
16384    140875    2    15250    
32768    296917    2    30500    
65536    575584    2    61041    
131072    1.50275e+06    2    125625    
262144    4.62846e+06    2    245209    
524288    1.03516e+07    4    489958    
1.04858e+06    3.407e+07    6    1.00804e+06    
