32    3000    2    2333    
64    5041    2    3500    
128    10375    2    6417    
256    20666    2    11500    
512    39250    3    25209    
1024    77916    2    43542    
2048    159667    2    86792    
4096    312458    2    173000    
8192    623083    2    344167    
16384    1.2435e+06    2    791458    
32768    2.49254e+06    2    1.384e+06    
65536    5.66112e+06    2    2.79908e+06    
131072    1.01988e+07    2    5.53167e+06    
262144    2.14647e+07    2    1.2612e+07    
524288    7.44015e+07    3    2.54645e+07    
