32    3291    1    1792    
64    5292    1    3375    
128    10041    3    6667    
256    21917    2    11458    
512    38958    2    6291    
1024    78709    4    12500    
2048    155625    5    24834    
4096    317375    3    49542    
8192    628458    2    345000    
16384    1.26371e+06    2    693792    
32768    2.49538e+06    2    1.41683e+06    
65536    5.73612e+06    2    3.25762e+06    
131072    1.15886e+07    2    5.53792e+06    
262144    2.42727e+07    2    1.27188e+07    
524288    6.86646e+07    2    2.24208e+07    
1.04858e+06    1.77452e+08    2    4.56881e+07    
2.09715e+06    3.96983e+08    3    2.53798e+07    
4.1943e+06    8.4123e+08    2    5.16401e+07    
8.38861e+06    1.70533e+09    2    1.02256e+08    
