32    3167    4    750    
64    5375    2    917    
128    11125    2    6292    
256    20750    3    11625    
512    39458    2    22750    
1024    79041    2    45125    
2048    163041    2    89250    
4096    311208    2    49541    
8192    624250    2    99041    
16384    1.2575e+06    3    211583    
32768    2.5755e+06    3    397375    
65536    5.0445e+06    2    2.77221e+06    
131072    1.01192e+07    2    5.57454e+06    
262144    2.74608e+07    4    1.10583e+07    
524288    6.90044e+07    2    6.34596e+06    
1.04858e+06    1.46136e+08    2    4.45966e+07    
2.09715e+06    3.35367e+08    2    8.88673e+07    
4.1943e+06    8.3545e+08    3    2.04365e+08    
8.38861e+06    1.73069e+09    6    4.60726e+08    
