32    333    2    42    
64    500    2    84    
128    959    2    125    
256    1750    4    250    
512    3625    6    500    
1024    8334    3    958    
2048    17042    2    1916    
4096    34833    2    3834    
8192    70084    2    7625    
16384    140000    2    15250    
32768    287000    2    30458    
65536    572000    2    60916    
131072    1.28175e+06    2    131416    
262144    4.76217e+06    2    251541    
524288    1.31176e+07    2    502542    
1.04858e+06    3.47567e+07    2    1.0055e+06    
