32    2917    2    625    
64    5541    2    3375    
128    10583    2    6292    
256    19958    3    14167    
512    39583    3    28042    
1024    77750    2    49583    
2048    156000    2    100500    
4096    312333    3    196958    
8192    617083    2    344834    
16384    1.24238e+06    2    688333    
32768    2.53e+06    2    1.37917e+06    
65536    5.86712e+06    2    2.77846e+06    
131072    1.01863e+07    2    5.53592e+06    
262144    2.253e+07    2    1.10752e+07    
524288    7.42714e+07    2    2.5275e+07    
