32    417    3    41    
64    458    2    125    
128    1042    2    125    
256    1875    2    250    
512    3709    2    500    
1024    9000    2    1000    
2048    17167    2    1917    
4096    35042    2    3792    
8192    70333    3    7667    
16384    142167    2    15292    
32768    280750    2    31917    
65536    613333    3    62875    
131072    1.62654e+06    4    123834    
262144    3.68275e+06    2    244042    
524288    9.08492e+06    2    487500    
1.04858e+06    3.60025e+07    2    1.00496e+06    
