32    375    4    83    
64    542    2    125    
128    917    2    167    
256    1834    3    250    
512    3625    2    500    
1024    8584    2    958    
2048    17625    2    1917    
4096    34458    2    3834    
8192    70041    2    7625    
16384    141417    3    15250    
32768    303291    4    30583    
65536    579459    2    60959    
131072    1.21438e+06    2    125750    
262144    3.56212e+06    3    246458    
524288    9.41083e+06    3    502667    
1.04858e+06    3.29278e+07    2    1.01208e+06    
