32    3167    2    1959    
64    5208    2    4000    
128    10833    2    6375    
256    19750    2    3208    
512    39333    2    22084    
1024    77375    2    49750    
2048    155792    4    111209    
4096    309959    2    197000    
8192    623625    2    344750    
16384    1.272e+06    2    691583    
32768    2.49675e+06    3    1.3825e+06    
65536    5.27683e+06    2    2.76471e+06    
131072    1.00977e+07    2    5.52458e+06    
262144    2.20783e+07    2    3.26629e+06    
524288    7.12607e+07    2    6.34788e+06    
