32    375    2    83    
64    583    3    83    
128    958    2    167    
256    1917    2    208    
512    3708    3    500    
1024    8875    2    1000    
2048    18708    2    2083    
4096    39333    2    3917    
8192    80125    3    7833    
16384    155666    2    15750    
32768    290292    2    30583    
65536    633958    3    60917    
131072    1.52508e+06    3    121917    
262144    3.62967e+06    2    244375    
524288    8.89854e+06    2    509458    
1.04858e+06    3.04678e+07    2    975500    
