32    333    2    41    
64    541    2    125    
128    1000    2    167    
256    2000    2    250    
512    3708    2    500    
1024    8583    2    958    
2048    17167    2    1959    
4096    39458    4    3916    
8192    78542    3    7625    
16384    153708    2    15208    
32768    304667    2    30541    
65536    625667    2    60959    
131072    1.3325e+06    2    124084    
262144    3.8815e+06    3    254042    
524288    1.03477e+07    6    487750    
1.04858e+06    3.0384e+07    3    975375    
