32    375    1    84    
64    584    2    125    
128    875    2    125    
256    2042    2    250    
512    3792    2    500    
1024    8000    2    1000    
2048    17208    3    1916    
4096    34750    6    3834    
8192    70833    4    7625    
16384    142625    2    15250    
32768    289459    2    31542    
65536    608584    3    63042    
131072    1.16346e+06    2    125458    
262144    3.47504e+06    2    243875    
524288    1.01822e+07    4    490167    
1.04858e+06    3.32103e+07    4    1.01242e+06    
