32    3666    2    667    
64    5625    2    4000    
128    10584    4    7791    
256    20250    7    14459    
512    39208    5    6416    
1024    77541    3    12916    
2048    157833    2    25708    
4096    311500    2    49583    
8192    766708    2    99250    
16384    1.25879e+06    2    697083    
32768    2.58154e+06    3    411167    
65536    6.74471e+06    2    2.86729e+06    
131072    1.32633e+07    2    6.12504e+06    
262144    2.74352e+07    2    1.1681e+07    
524288    6.69615e+07    2    2.57253e+07    
