32    375    2    42    
64    625    2    83    
128    958    2    167    
256    1916    2    292    
512    3583    2    500    
1024    11167    2    959    
2048    19375    2    1916    
4096    42041    3    3834    
8192    79209    2    7666    
16384    159667    2    15417    
32768    288167    2    30542    
65536    628667    2    61583    
131072    1.46896e+06    2    122041    
262144    5.0045e+06    2    259833    
524288    1.15682e+07    3    488416    
1.04858e+06    3.73985e+07    2    1.05004e+06    
