32    3000    2    2084    
64    5250    2    916    
128    10333    3    1792    
256    19875    2    12875    
512    39000    2    25125    
1024    79584    2    49583    
2048    155875    3    111042    
4096    313625    5    272459    
8192    620208    10    99208    
16384    1.23679e+06    20    198083    
32768    2.48658e+06    31    396042    
65536    5.01554e+06    16    798666    
131072    1.01088e+07    8    1.589e+06    
262144    2.0774e+07    4    3.17546e+06    
524288    4.17525e+07    2    6.33671e+06    
