32    292    2    41    
64    459    2    83    
128    1042    2    167    
256    5166    2    250    
512    8125    2    459    
1024    11250    3    959    
2048    17458    5    1916    
4096    40125    3    3834    
8192    86959    2    7625    
16384    161708    2    15291    
32768    340125    2    30500    
65536    577583    2    62791    
131072    1.54146e+06    2    121917    
262144    4.23979e+06    3    256250    
524288    1.10198e+07    3    496916    
1.04858e+06    2.81467e+07    2    1.00733e+06    
