32    3125    2    500    
64    5084    2    3125    
128    9916    2    6375    
256    19667    2    12625    
512    38209    2    24958    
1024    80333    4    12500    
2048    156667    7    24792    
4096    359083    4    49667    
8192    627916    2    393500    
16384    1.25154e+06    2    744750    
32768    2.48917e+06    3    396208    
65536    5.11e+06    2    2.76821e+06    
131072    1.01704e+07    2    5.59288e+06    
262144    2.42886e+07    3    1.3076e+07    
524288    8.06192e+07    2    2.27516e+07    
