32    2875    5    625    
64    5209    3    875    
128    10708    2    6584    
256    19791    2    11250    
512    39000    2    22084    
1024    79750    2    49541    
2048    171500    2    105000    
4096    329666    2    200666    
8192    740041    3    99167    
16384    1.26779e+06    5    198125    
32768    2.9115e+06    3    396125    
65536    5.31108e+06    2    2.85967e+06    
131072    1.21736e+07    2    5.60567e+06    
262144    2.67616e+07    2    3.18817e+06    
524288    5.31105e+07    2    6.34712e+06    
