32    417    2    83    
64    459    2    83    
128    917    2    167    
256    1792    2    250    
512    3833    2    500    
1024    8208    2    958    
2048    17334    2    1958    
4096    36000    4    3791    
8192    70125    4    9083    
16384    141459    2    15833    
32768    303334    2    31625    
65536    589000    2    63167    
131072    1.15354e+06    2    125000    
262144    3.71212e+06    4    258458    
524288    1.16333e+07    7    488083    
1.04858e+06    2.8115e+07    14    983333    
