32    2958    2    1917    
64    5208    2    3250    
128    10041    2    7000    
256    19833    2    11375    
512    38416    2    22292    
1024    78584    2    43542    
2048    160250    2    86833    
4096    312167    2    172542    
8192    622500    2    344375    
16384    1.248e+06    2    214125    
32768    2.50175e+06    2    1.38062e+06    
65536    4.97771e+06    4    3.57946e+06    
131072    1.02213e+07    4    7.10338e+06    
262144    2.13869e+07    2    1.30415e+07    
524288    5.29639e+07    2    2.22792e+07    
