32    3209    2    1958    
64    5250    1    3209    
128    9833    2    1625    
256    19792    2    11417    
512    39375    3    22166    
1024    77167    2    12542    
2048    155417    2    86708    
4096    309292    3    196833    
8192    619834    3    393375    
16384    1.23967e+06    2    688750    
32768    2.49438e+06    2    1.57875e+06    
65536    4.99838e+06    4    800458    
131072    1.0257e+07    7    1.58988e+06    
262144    2.08526e+07    14    3.17004e+06    
524288    5.15085e+07    10    6.34275e+06    
