32    250    2    84    
64    542    2    42    
128    916    2    167    
256    1833    2    250    
512    3667    2    458    
1024    8375    2    958    
2048    19292    2    1917    
4096    34583    2    3791    
8192    69750    3    7666    
16384    142166    2    15708    
32768    286041    2    31375    
65536    634000    3    60958    
131072    1.472e+06    3    125917    
262144    3.93975e+06    2    246375    
524288    1.00707e+07    3    487833    
1.04858e+06    3.47689e+07    2    976375    
