32    2959    2    2042    
64    5209    2    3459    
128    10042    4    6458    
256    19375    4    3167    
512    38916    2    6333    
1024    78292    2    43542    
2048    157041    3    24916    
4096    312833    4    49583    
8192    634166    2    99833    
16384    1.29917e+06    2    702042    
32768    2.54729e+06    3    1.6085e+06    
65536    5.11154e+06    5    4.37629e+06    
131072    1.01184e+07    8    1.22694e+07    
262144    2.39178e+07    4    1.42667e+07    
524288    4.41358e+07    2    2.61594e+07    
1.04858e+06    1.01648e+08    2    5.25635e+07    
2.09715e+06    2.82138e+08    2    1.02311e+08    
4.1943e+06    6.98184e+08    2    1.81383e+08    
8.38861e+06    1.68474e+09    3    1.04573e+08    
