32    250    2    42    
64    458    3    125    
128    917    3    167    
256    1917    2    250    
512    3708    2    459    
1024    8458    4    958    
2048    17083    8    1917    
4096    34500    16    3833    
8192    70875    14    7625    
16384    146666    7    15334    
32768    277292    4    30458    
65536    615791    2    61000    
131072    1.19546e+06    2    132833    
262144    2.71158e+06    2    244125    
524288    6.07567e+06    2    514833    
1.04858e+06    2.01566e+07    2    981917    
