32    291    2    84    
64    459    2    83    
128    916    2    125    
256    1958    2    250    
512    3750    2    500    
1024    8041    2    958    
2048    16583    2    2000    
4096    35459    2    3791    
8192    70041    2    7625    
16384    141000    3    15292    
32768    277833    2    31459    
65536    595583    2    61083    
131072    1.62838e+06    3    125584    
262144    5.57917e+06    2    244708    
524288    1.00819e+07    2    509542    
1.04858e+06    3.34185e+07    2    978958    
