32    3083    5    1750    
64    5167    3    3958    
128    10209    2    5958    
256    19584    2    11250    
512    39334    2    22250    
1024    78375    2    43583    
2048    162416    2    86916    
4096    319083    3    51167    
8192    634708    2    99041    
16384    1.27129e+06    2    693000    
32768    2.52888e+06    2    395959    
65536    5.12546e+06    2    2.76375e+06    
131072    1.03008e+07    2    1.58604e+06    
262144    2.2628e+07    2    3.17767e+06    
524288    7.72741e+07    2    6.34212e+06    
