32    250    2    83    
64    541    2    83    
128    959    3    125    
256    1917    5    250    
512    3708    10    500    
1024    8750    8    1000    
2048    24458    4    2042    
4096    36250    2    3958    
8192    72958    2    7625    
16384    140917    3    15833    
32768    321417    5    30542    
65536    577167    5    61042    
131072    1.28938e+06    3    123416    
262144    2.85725e+06    2    252375    
524288    8.52546e+06    2    491416    
1.04858e+06    3.11374e+07    2    978791    
