32    2916    2    500    
64    5250    2    3375    
128    10417    2    6917    
256    19208    2    11416    
512    39708    2    25208    
1024    77750    3    55792    
2048    158750    5    136542    
4096    313333    10    49667    
8192    636167    20    99250    
16384    1.23992e+06    14    198083    
32768    2.52792e+06    7    398125    
65536    5.09954e+06    4    792375    
131072    1.0084e+07    2    1.68362e+06    
262144    2.70856e+07    2    1.11025e+07    
524288    6.57114e+07    2    2.21367e+07    
