32    375    2    83    
64    542    2    125    
128    1125    2    125    
256    1917    2    250    
512    3666    3    500    
1024    8541    5    1000    
2048    17292    3    1917    
4096    34667    2    3833    
8192    69542    2    7625    
16384    140250    2    15375    
32768    304042    3    31791    
65536    633542    2    60958    
131072    1.27592e+06    2    122000    
262144    4.68888e+06    3    271333    
524288    1.1086e+07    2    504167    
1.04858e+06    3.04047e+07    2    1.00525e+06    
