32    3292    2    9209    
64    5083    2    3125    
128    10208    2    6125    
256    19625    2    11459    
512    39541    3    25875    
1024    79709    3    49625    
2048    160375    2    94167    
4096    343875    2    51208    
8192    655333    3    345125    
16384    1.25946e+06    2    689542    
32768    2.47904e+06    2    1.57675e+06    
65536    4.99192e+06    2    2.76488e+06    
131072    1.0118e+07    2    6.32792e+06    
262144    2.20397e+07    2    1.26224e+07    
524288    6.8438e+07    2    2.21441e+07    
