32    333    3    41    
64    542    2    41    
128    917    2    125    
256    1875    3    250    
512    3625    5    458    
1024    9042    9    958    
2048    17417    15    1917    
4096    35541    8    3792    
8192    73584    4    7584    
16384    146709    2    15250    
32768    281417    2    30500    
65536    580291    3    62959    
131072    1.29054e+06    3    122000    
262144    3.40862e+06    2    248708    
524288    7.87588e+06    2    507959    
1.04858e+06    3.6377e+07    4    976542    
