32    3167    3    541    
64    5334    2    3125    
128    10583    2    1709    
256    20250    2    11958    
512    40333    3    6459    
1024    80958    3    44917    
2048    160833    2    89250    
4096    323125    2    178209    
8192    641875    2    354958    
16384    1.28204e+06    3    206125    
32768    2.684e+06    3    421250    
65536    5.34646e+06    2    2.77283e+06    
131072    1.01345e+07    2    6.31492e+06    
262144    2.13412e+07    2    1.265e+07    
524288    6.68718e+07    2    2.21185e+07    
