32    3208    5    625    
64    5375    3    917    
128    10375    2    5959    
256    19375    2    11542    
512    38500    2    6333    
1024    77666    2    12500    
2048    159208    2    89625    
4096    330833    3    53583    
8192    657584    2    362542    
16384    1.30583e+06    2    740334    
32768    2.54854e+06    2    1.38046e+06    
65536    5.00967e+06    2    2.765e+06    
131072    1.01593e+07    2    5.53062e+06    
262144    2.77606e+07    2    1.10705e+07    
524288    6.99712e+07    2    2.21262e+07    
