32    3375    3    2375    
64    5250    2    3334    
128    10417    2    5917    
256    19084    2    11292    
512    38584    3    6291    
1024    79750    4    12500    
2048    156208    2    24958    
4096    313250    2    172709    
8192    622958    2    344791    
16384    1.24275e+06    2    821125    
32768    2.4885e+06    4    1.38062e+06    
65536    4.98971e+06    4    2.76471e+06    
131072    1.00916e+07    2    5.54121e+06    
262144    2.18229e+07    2    1.30372e+07    
524288    6.38634e+07    3    2.843e+07    
1.04858e+06    1.84698e+08    5    5.22121e+07    
2.09715e+06    4.14152e+08    3    1.13803e+08    
4.1943e+06    8.44386e+08    2    1.80702e+08    
8.38861e+06    1.69311e+09    2    4.1054e+08    
