32    3000    2    2000    
64    5250    2    3833    
128    10666    2    6875    
256    20334    2    11584    
512    39250    2    22042    
1024    78042    2    12541    
2048    156292    2    86917    
4096    310166    3    197292    
8192    615792    4    393750    
16384    1.24067e+06    2    198084    
32768    2.47729e+06    2    1.43221e+06    
65536    5.54117e+06    2    2.76808e+06    
131072    1.02428e+07    2    5.53508e+06    
262144    2.31661e+07    3    1.2629e+07    
524288    7.00865e+07    2    2.52376e+07    
