32    2958    3    750    
64    5333    5    875    
128    10125    6    1625    
256    19750    3    3208    
512    39125    2    22125    
1024    77833    2    43542    
2048    160166    2    86208    
4096    311208    2    197292    
8192    615875    3    393500    
16384    1.25125e+06    2    692250    
32768    2.48992e+06    2    1.57579e+06    
65536    4.99375e+06    2    794875    
131072    1.01624e+07    2    5.75529e+06    
262144    3.12199e+07    2    1.11235e+07    
524288    7.94072e+07    2    2.26166e+07    
