32    417    2    42    
64    500    2    83    
128    1041    2    167    
256    1959    3    250    
512    3750    2    458    
1024    8125    2    958    
2048    19042    3    1917    
4096    34917    2    3792    
8192    70083    2    7583    
16384    139625    2    15250    
32768    300916    2    30500    
65536    564083    3    66250    
131072    1.1785e+06    2    125875    
262144    3.17833e+06    2    243750    
524288    9.68142e+06    2    508959    
1.04858e+06    3.65343e+07    3    976417    
