32    3000    2    2209    
64    5333    2    3334    
128    10042    3    5834    
256    20167    3    11375    
512    39375    2    6333    
1024    77500    2    43667    
2048    158667    2    86667    
4096    308792    2    49625    
8192    618542    3    99083    
16384    1.23721e+06    6    198083    
32768    2.47346e+06    3    400916    
65536    4.97688e+06    2    2.77117e+06    
131072    1.00505e+07    2    5.53617e+06    
262144    2.1081e+07    2    1.10635e+07    
524288    5.07802e+07    2    2.21968e+07    
