32    2958    5    459    
64    5167    4    833    
128    10250    2    6834    
256    19417    2    11417    
512    38709    2    6334    
1024    78000    2    43834    
2048    155041    3    24833    
4096    312708    5    49625    
8192    618375    9    99083    
16384    1.28475e+06    5    198041    
32768    2.53871e+06    3    1.57588e+06    
65536    5.01317e+06    2    2.81988e+06    
131072    1.01179e+07    2    5.52021e+06    
262144    2.07187e+07    2    3.33258e+06    
524288    4.95188e+07    2    2.22696e+07    
