32    542    2    41    
64    875    2    84    
128    959    2    125    
256    2417    2    250    
512    4041    3    500    
1024    12083    6    1042    
2048    28000    11    2042    
4096    54833    11    4083    
8192    94583    6    10583    
16384    171250    3    15250    
32768    331291    2    31666    
65536    692875    2    63500    
131072    1.48738e+06    2    121917    
262144    4.09767e+06    2    244250    
524288    1.06914e+07    2    487750    
1.04858e+06    3.69924e+07    2    1.01058e+06    
