32    2875    2    2167    
64    5417    2    3667    
128    10584    2    6084    
256    19875    2    11458    
512    38750    2    6334    
1024    77958    2    12458    
2048    157875    3    26917    
4096    314542    3    49666    
8192    667083    2    355459    
16384    1.39429e+06    2    789416    
32768    2.75308e+06    3    1.40571e+06    
65536    5.63879e+06    2    792250    
131072    1.2658e+07    2    5.66154e+06    
262144    2.24372e+07    2    1.11236e+07    
524288    7.88357e+07    2    2.26547e+07    
