32    375    3    42    
64    458    2    83    
128    875    2    125    
256    1834    2    250    
512    3667    2    542    
1024    8500    3    1000    
2048    17500    6    1916    
4096    34000    12    3833    
8192    70750    7    7583    
16384    141083    4    15292    
32768    276417    2    30625    
65536    590084    2    63208    
131072    1.49908e+06    2    122000    
262144    3.72517e+06    2    244500    
524288    1.07833e+07    2    496958    
1.04858e+06    3.61459e+07    3    980208    
