32    375    2    42    
64    500    2    125    
128    958    3    167    
256    2000    5    250    
512    3750    10    500    
1024    8292    8    959    
2048    16667    4    1917    
4096    34583    2    3834    
8192    70208    2    7667    
16384    147625    3    15250    
32768    280875    5    30584    
65536    581458    5    65041    
131072    1.23721e+06    3    122167    
262144    2.74504e+06    2    247291    
524288    7.38638e+06    2    490833    
1.04858e+06    3.22787e+07    2    978542    
