32    3042    2    2041    
64    5417    2    3209    
128    10792    2    6250    
256    20084    2    11792    
512    39709    2    22625    
1024    81792    3    13292    
2048    164292    4    25625    
4096    323625    2    177916    
8192    639792    2    355416    
16384    1.26721e+06    2    690042    
32768    2.47317e+06    3    1.57571e+06    
65536    5.21025e+06    5    792167    
131072    1.01435e+07    3    6.35808e+06    
262144    2.0796e+07    2    1.14752e+07    
524288    5.13288e+07    2    2.22225e+07    
