32    334    2    83    
64    542    2    83    
128    917    3    125    
256    1833    3    250    
512    3583    2    500    
1024    8792    2    959    
2048    17500    2    1917    
4096    35375    2    3791    
8192    73625    2    7584    
16384    144709    2    15708    
32768    492625    2    31625    
65536    625916    3    65375    
131072    1.66508e+06    5    128584    
262144    3.47696e+06    4    244000    
524288    6.74029e+06    2    509458    
1.04858e+06    2.09115e+07    2    975083    
