32    3208    2    2041    
64    5375    2    3375    
128    10708    2    1791    
256    20625    1    11791    
512    40375    2    22333    
1024    77292    2    49667    
2048    156083    3    24834    
4096    308542    2    49666    
8192    626125    2    344208    
16384    1.2395e+06    2    793917    
32768    2.48542e+06    2    1.38504e+06    
65536    4.96379e+06    2    794833    
131072    1.01418e+07    2    5.53617e+06    
262144    2.13866e+07    2    1.14219e+07    
524288    7.5117e+07    2    2.53075e+07    
