32    375    2    84    
64    541    2    41    
128    1000    2    125    
256    1958    2    292    
512    3709    2    500    
1024    8375    3    959    
2048    17083    2    1917    
4096    35708    2    3875    
8192    69375    2    7875    
16384    145834    4    15375    
32768    281458    3    31750    
65536    601584    2    61042    
131072    1.60983e+06    2    124584    
262144    5.64688e+06    2    243834    
524288    1.02008e+07    2    508083    
1.04858e+06    3.34736e+07    2    975375    
