32    291    1    41    
64    500    3    83    
128    1000    2    167    
256    1875    2    250    
512    11500    2    500    
1024    8542    2    1000    
2048    19709    2    2083    
4096    40000    2    4083    
8192    77917    3    7875    
16384    143291    2    15209    
32768    277750    2    30542    
65536    565625    3    62792    
131072    1.26108e+06    2    121875    
262144    3.45392e+06    2    244500    
524288    9.65629e+06    2    507292    
1.04858e+06    3.67143e+07    2    979708    
