32    3000    2    1875    
64    5084    3    875    
128    10250    2    6541    
256    19708    2    11542    
512    38334    3    25167    
1024    77791    2    49667    
2048    155083    2    86958    
4096    309708    2    172542    
8192    617167    2    344584    
16384    1.23921e+06    2    688250    
32768    2.55442e+06    2    1.37867e+06    
65536    5.03396e+06    2    2.79154e+06    
131072    1.02411e+07    2    5.72975e+06    
262144    2.99748e+07    2    3.16858e+06    
524288    6.93392e+07    2    2.26825e+07    
