32    3250    2    2083    
64    5291    2    3458    
128    10042    2    5875    
256    19958    4    11334    
512    38875    2    22083    
1024    78875    2    43708    
2048    155917    3    86625    
4096    310959    2    196958    
8192    620875    2    345167    
16384    1.24208e+06    3    198166    
32768    2.46825e+06    5    396083    
65536    5.16021e+06    10    818875    
131072    1.05068e+07    8    1.67212e+06    
262144    2.57616e+07    4    3.16946e+06    
524288    4.88383e+07    2    6.33771e+06    
