32    3167    2    2083    
64    5500    3    4000    
128    10083    2    6209    
256    19542    2    12875    
512    40375    2    22917    
1024    82708    3    44792    
2048    159167    2    86583    
4096    314500    2    172792    
8192    624500    3    344750    
16384    1.23162e+06    2    198041    
32768    2.48383e+06    2    396083    
65536    4.97592e+06    2    2.77079e+06    
131072    1.00717e+07    2    5.65762e+06    
262144    2.23684e+07    3    3.17271e+06    
524288    6.19031e+07    2    2.27503e+07    
