32    375    31    83    
64    541    63    83    
128    916    123    125    
256    1958    62    250    
512    3625    31    500    
1024    8042    16    959    
2048    17291    8    1917    
4096    34833    4    3792    
8192    69959    2    7625    
16384    143417    2    15208    
32768    280542    2    30625    
65536    618167    3    60917    
131072    1.16008e+06    3    125708    
262144    3.66754e+06    2    245458    
524288    1.15262e+07    2    488250    
1.04858e+06    3.69563e+07    3    976292    
