32    250    2    42    
64    500    2    83    
128    916    3    166    
256    1834    3    250    
512    3667    2    500    
1024    8292    2    958    
2048    17583    3    1958    
4096    34916    2    3833    
8192    69959    2    7625    
16384    141125    2    15208    
32768    276292    2    30500    
65536    546458    2    65000    
131072    1.56812e+06    2    125584    
262144    4.32588e+06    2    250166    
524288    1.15047e+07    3    493417    
1.04858e+06    3.81676e+07    2    976500    
