32    3125    2    2041    
64    5333    2    3250    
128    10542    2    6000    
256    20541    2    11917    
512    40083    2    6542    
1024    80334    2    45084    
2048    161125    2    25667    
4096    320750    2    52667    
8192    671125    2    366875    
16384    1.33925e+06    2    765292    
32768    2.90233e+06    2    1.37046e+06    
65536    5.08633e+06    2    2.76596e+06    
131072    1.01471e+07    2    5.5275e+06    
262144    2.15355e+07    2    1.10496e+07    
524288    6.91188e+07    2    2.20698e+07    
