32    583    2    83    
64    1083    2    125    
128    1833    3    292    
256    3333    2    625    
512    7209    2    959    
1024    17459    2    1916    
2048    33458    4    3625    
4096    71834    3    6250    
8192    136333    2    10166    
16384    191791    2    17042    
32768    328083    2    32625    
65536    653291    2    62917    
131072    1.6775e+06    2    122000    
262144    4.00779e+06    2    254833    
524288    1.48226e+07    2    488458    
1.04858e+06    3.94778e+07    2    979583    
