32    2958    7    541    
64    5167    13    875    
128    10334    14    1666    
256    20208    7    3209    
512    39375    4    28250    
1024    83292    2    49541    
2048    166959    2    86750    
4096    322041    2    177875    
8192    625542    2    344917    
16384    1.24862e+06    2    688125    
32768    2.5075e+06    3    1.805e+06    
65536    5.00996e+06    2    3.156e+06    
131072    1.00908e+07    2    5.53512e+06    
262144    2.10735e+07    2    1.26168e+07    
524288    8.28119e+07    3    2.93283e+07    
