32    2958    2    1666    
64    5125    2    3125    
128    10000    2    5958    
256    19833    2    3167    
512    38042    2    22209    
1024    78250    2    12500    
2048    157833    2    86750    
4096    310375    2    196792    
8192    622583    2    344541    
16384    1.24362e+06    2    688541    
32768    2.49617e+06    2    1.38171e+06    
65536    5.00467e+06    3    3.24925e+06    
131072    1.0609e+07    2    6.45533e+06    
262144    2.17613e+07    2    1.26442e+07    
524288    5.72025e+07    2    2.21218e+07    
