32    2792    2    1708    
64    5333    2    3583    
128    10375    2    6584    
256    19750    2    11375    
512    38292    2    25167    
1024    79375    2    43500    
2048    165750    3    101750    
4096    322167    5    175917    
8192    627792    4    344709    
16384    1.30638e+06    2    692541    
32768    3.10192e+06    2    1.38892e+06    
65536    5.41221e+06    2    3.01267e+06    
131072    1.26922e+07    2    5.67029e+06    
262144    3.83278e+07    2    1.15721e+07    
524288    7.88108e+07    3    2.88906e+07    
