32    542    3    42    
64    1083    2    42    
128    875    2    166    
256    2417    4    250    
512    3583    2    500    
1024    13250    2    959    
2048    21917    2    1917    
4096    45750    2    3959    
8192    82250    2    7625    
16384    169334    2    15250    
32768    331333    3    30625    
65536    603542    2    63292    
131072    1.30429e+06    2    125792    
262144    4.12775e+06    2    246792    
524288    1.07568e+07    3    489334    
1.04858e+06    3.57899e+07    5    984042    
