32    375    2    41    
64    500    4    83    
128    1000    6    125    
256    1875    3    292    
512    3708    2    542    
1024    8167    2    1042    
2048    17417    2    1958    
4096    38250    2    3917    
8192    72834    2    8125    
16384    151250    2    15667    
32768    289042    3    30500    
65536    571709    2    60958    
131072    1.24e+06    2    125667    
262144    4.68871e+06    3    243875    
524288    1.16249e+07    2    492667    
1.04858e+06    3.4281e+07    2    984500    
