32    375    1    
64    583    2    
128    1291    2    
256    1958    2    
512    3708    3    
1024    8833    5    
2048    18750    9    
4096    36625    10    
8192    73334    5    
16384    145875    3    
32768    303625    2    
65536    604375    2    
131072    1.24738e+06    2    
262144    4.15233e+06    3    
524288    1.01328e+07    2    
1.04858e+06    3.03792e+07    2    
2.09715e+06    8.11446e+07    2    
4.1943e+06    1.69099e+08    2    
8.38861e+06    3.48063e+08    2    
1.67772e+07    6.96591e+08    2    
