32    875    2    84    
64    500    2    83    
128    2333    2    209    
256    2708    2    292    
512    4167    2    500    
1024    11208    2    959    
2048    23542    2    1917    
4096    48458    3    3792    
8192    98583    2    7625    
16384    192167    2    15709    
32768    350667    2    30583    
65536    577167    2    62833    
131072    1.35067e+06    2    122041    
262144    3.73771e+06    2    265625    
524288    1.17108e+07    3    488792    
1.04858e+06    3.42323e+07    2    1.00492e+06    
