32    250    2    
64    541    3    
128    1250    2    
256    1834    2    
512    3750    2    
1024    8583    2    
2048    18250    3    
4096    35750    2    
8192    71958    2    
16384    142000    3    
32768    297916    2    
65536    592416    2    
131072    1.23279e+06    2    
262144    4.37792e+06    3    
524288    1.09408e+07    6    
1.04858e+06    2.81388e+07    4    
2.09715e+06    6.58648e+07    2    
4.1943e+06    1.38709e+08    2    
8.38861e+06    3.30884e+08    2    
1.67772e+07    7.01937e+08    2    
