32    2917    3    625    
64    5083    5    875    
128    10041    6    1625    
256    19584    3    3209    
512    39083    2    22166    
1024    80500    2    12542    
2048    154833    2    86750    
4096    314083    2    173041    
8192    624375    2    344792    
16384    1.25875e+06    2    791875    
32768    2.51329e+06    2    1.38021e+06    
65536    5.02079e+06    2    3.1565e+06    
131072    1.01272e+07    3    5.52996e+06    
262144    2.25617e+07    2    1.14583e+07    
524288    5.43188e+07    2    2.23742e+07    
1.04858e+06    1.61558e+08    2    4.44998e+07    
2.09715e+06    4.1984e+08    2    9.10302e+07    
4.1943e+06    8.82366e+08    2    1.79855e+08    
8.38861e+06    1.71041e+09    2    4.07998e+08    
