32    3125    2    750    
64    5250    2    3375    
128    10667    2    6167    
256    20208    3    11458    
512    38750    2    6375    
1024    77667    2    43459    
2048    159666    3    24875    
4096    310667    5    49583    
8192    617625    5    99209    
16384    1.24279e+06    3    788667    
32768    2.50467e+06    2    1.37771e+06    
65536    5.00583e+06    2    2.77808e+06    
131072    1.00799e+07    2    6.36583e+06    
262144    2.07797e+07    4    3.29554e+06    
524288    5.69306e+07    4    6.35225e+06    
