32    2875    2    1875    
64    5041    2    916    
128    10083    2    5917    
256    19584    2    11333    
512    39250    2    22167    
1024    79667    2    45083    
2048    159959    2    86584    
4096    311208    2    172792    
8192    621584    3    393458    
16384    1.24617e+06    5    1.08838e+06    
32768    2.47983e+06    9    1.37996e+06    
65536    4.98725e+06    5    2.765e+06    
131072    1.00173e+07    3    5.57479e+06    
262144    2.06279e+07    2    3.23621e+06    
524288    4.46069e+07    2    2.21509e+07    
