32    291    9    83    
64    583    5    83    
128    916    3    166    
256    1875    2    250    
512    3666    2    500    
1024    10291    2    1000    
2048    20416    2    1917    
4096    43709    2    3833    
8192    78792    2    7625    
16384    157125    2    16209    
32768    345958    2    30541    
65536    619917    2    62833    
131072    1.51675e+06    2    122209    
262144    4.83467e+06    2    243792    
524288    1.08522e+07    2    487750    
1.04858e+06    3.16842e+07    2    985708    
