32    292    2    83    
64    583    2    83    
128    916    2    167    
256    1875    2    292    
512    3750    2    500    
1024    8500    2    958    
2048    17083    2    1916    
4096    34917    4    3834    
8192    70083    2    7625    
16384    142916    2    15750    
32768    322708    3    31542    
65536    610375    5    61125    
131072    1.34325e+06    4    121959    
262144    3.57521e+06    2    246208    
524288    7.42683e+06    2    490334    
1.04858e+06    2.76317e+07    2    1.01162e+06    
