32    417    2    84    
64    458    2    125    
128    1000    2    125    
256    1834    4    250    
512    3542    4    500    
1024    8000    2    959    
2048    16625    2    1917    
4096    33833    2    3792    
8192    68250    2    7625    
16384    137250    2    15167    
32768    281000    2    30542    
65536    556667    3    61000    
131072    1.16658e+06    3    122125    
262144    3.25871e+06    2    247375    
524288    9.453e+06    2    490458    
1.04858e+06    3.19412e+07    2    981000    
