32    375    2    83    
64    542    2    84    
128    916    3    125    
256    1833    2    250    
512    3584    2    500    
1024    8541    2    958    
2048    17167    2    1916    
4096    34750    4    3833    
8192    70375    2    8125    
16384    148458    2    15292    
32768    278667    2    30459    
65536    558875    2    61208    
131072    1.30279e+06    3    125417    
262144    3.30725e+06    3    244416    
524288    1.01883e+07    2    489125    
1.04858e+06    3.24502e+07    2    983125    
