32    2917    2    542    
64    5375    2    3583    
128    10084    2    6250    
256    20250    2    11334    
512    37500    2    22125    
1024    78250    2    44042    
2048    156000    2    98959    
4096    310959    2    172542    
8192    619750    2    99125    
16384    1.25404e+06    2    218542    
32768    2.503e+06    2    1.38017e+06    
65536    5.04996e+06    2    2.80588e+06    
131072    1.43515e+07    2    5.72258e+06    
262144    2.25728e+07    2    1.10812e+07    
524288    7.13732e+07    2    2.24332e+07    
