32    3167    2    2125    
64    5333    2    3208    
128    10250    2    6042    
256    19750    2    12750    
512    38542    3    28166    
1024    76708    5    68333    
2048    155250    5    98708    
4096    309333    3    196917    
8192    623625    2    344834    
16384    1.28879e+06    2    691125    
32768    2.49454e+06    2    1.51479e+06    
65536    5.66333e+06    2    818125    
131072    1.02897e+07    4    1.63254e+06    
262144    2.16588e+07    4    3.17275e+06    
524288    6.59446e+07    2    2.55401e+07    
