32    2917    2    2167    
64    5250    2    3709    
128    9958    3    1625    
256    20334    6    3292    
512    39834    4    25958    
1024    80792    2    51250    
2048    167292    2    89709    
4096    333208    2    178125    
8192    636625    3    102209    
16384    1.29579e+06    2    710750    
32768    2.48746e+06    2    401083    
65536    4.99662e+06    2    794750    
131072    1.01614e+07    3    1.58412e+06    
262144    2.11847e+07    6    3.21275e+06    
524288    6.71906e+07    6    6.75425e+06    
