32    334    2    42    
64    500    2    83    
128    1041    2    125    
256    1959    2    250    
512    3750    2    500    
1024    8875    2    1000    
2048    18000    2    2000    
4096    35209    3    3917    
8192    72333    2    7834    
16384    153417    2    15250    
32768    277125    2    30500    
65536    556500    2    63000    
131072    1.33329e+06    2    122125    
262144    4.52958e+06    2    252042    
524288    1.1366e+07    3    506792    
1.04858e+06    3.28578e+07    2    1.00871e+06    
