32    3166    2    2042    
64    5458    2    3416    
128    10250    2    6292    
256    20250    2    13250    
512    40209    2    22625    
1024    80625    3    51084    
2048    159916    4    98708    
4096    311375    2    180209    
8192    619500    2    393292    
16384    1.23354e+06    2    786208    
32768    2.476e+06    3    396042    
65536    4.99742e+06    6    3.15946e+06    
131072    1.0103e+07    5    7.93342e+06    
262144    2.20312e+07    3    1.26845e+07    
524288    6.43301e+07    2    2.23007e+07    
