32    3209    2    1875    
64    5334    2    3542    
128    9791    2    6000    
256    20166    2    12833    
512    39125    3    6334    
1024    77625    5    12500    
2048    158250    4    24875    
4096    325583    2    199833    
8192    622500    2    345084    
16384    1.23438e+06    2    692250    
32768    2.48325e+06    2    1.388e+06    
65536    4.99425e+06    2    2.76958e+06    
131072    1.0069e+07    2    5.53879e+06    
262144    2.29362e+07    2    1.10832e+07    
524288    6.70661e+07    2    6.34762e+06    
