32    333    2    42    
64    500    3    83    
128    917    6    125    
256    1792    9    250    
512    3666    5    458    
1024    8292    3    959    
2048    16917    2    1917    
4096    36833    2    3792    
8192    69916    2    7750    
16384    140250    2    17666    
32768    296042    4    31458    
65536    574209    2    61000    
131072    1.28333e+06    2    121958    
262144    3.767e+06    3    243750    
524288    1.13123e+07    2    490125    
1.04858e+06    3.1284e+07    2    979250    
