32    3167    2    2125    
64    5333    2    3250    
128    10750    2    6750    
256    20417    2    13250    
512    39583    3    29000    
1024    80292    2    45333    
2048    159041    2    89167    
4096    322167    2    51083    
8192    637666    2    405583    
16384    1.28012e+06    2    716250    
32768    2.55879e+06    3    1.69954e+06    
65536    5.50967e+06    5    3.973e+06    
131072    1.45495e+07    3    6.40396e+06    
262144    2.17243e+07    2    1.11366e+07    
524288    5.8081e+07    2    6.36625e+06    
