32    500    3    42    
64    459    5    125    
128    1541    4    125    
256    1792    2    292    
512    4166    2    500    
1024    10417    2    958    
2048    21625    3    1917    
4096    38875    2    3959    
8192    70916    2    7583    
16384    139041    2    15208    
32768    269584    2    30458    
65536    571791    2    65125    
131072    1.48588e+06    2    122208    
262144    3.39708e+06    2    243792    
524288    9.99229e+06    3    489625    
1.04858e+06    3.65908e+07    2    998416    
