32    334    3    83    
64    500    2    83    
128    916    2    125    
256    1791    3    250    
512    3666    2    459    
1024    8250    2    958    
2048    19458    2    1917    
4096    34542    2    3833    
8192    72458    2    7625    
16384    141167    2    15292    
32768    307792    2    31458    
65536    629084    3    61000    
131072    1.27604e+06    6    129708    
262144    2.96046e+06    4    252834    
524288    8.48471e+06    2    494583    
1.04858e+06    2.86591e+07    2    1.00525e+06    
