32    375    3    42    
64    542    2    83    
128    916    2    125    
256    1833    2    250    
512    3625    2    500    
1024    8167    3    959    
2048    17708    2    1916    
4096    35333    2    3833    
8192    70500    3    7625    
16384    141042    5    15250    
32768    278417    4    31500    
65536    650083    2    61000    
131072    1.44529e+06    2    121834    
262144    4.18346e+06    3    244708    
524288    1.06264e+07    5    489625    
1.04858e+06    3.07287e+07    3    1.01079e+06    
