32    375    2    
64    584    2    
128    916    3    
256    1834    2    
512    3791    2    
1024    8084    2    
2048    16834    2    
4096    34083    2    
8192    69750    2    
16384    138125    2    
32768    282583    3    
65536    609666    2    
131072    1.30692e+06    2    
262144    3.87646e+06    2    
524288    1.09057e+07    3    
1.04858e+06    3.91538e+07    2    
2.09715e+06    8.19504e+07    2    
4.1943e+06    1.71502e+08    2    
8.38861e+06    3.56608e+08    2    
1.67772e+07    7.17702e+08    2    
