32    3208    2    541    
64    5208    2    3250    
128    10042    2    5917    
256    19750    2    11250    
512    44792    3    22042    
1024    77500    2    43542    
2048    158833    2    98875    
4096    311417    3    196958    
8192    625459    2    345625    
16384    1.24217e+06    2    785834    
32768    2.47596e+06    3    1.59854e+06    
65536    5.40796e+06    2    2.76479e+06    
131072    1.01327e+07    2    1.58658e+06    
262144    2.13925e+07    2    1.11043e+07    
524288    6.63873e+07    2    6.34883e+06    
