32    3000    2    1792    
64    5250    3    3625    
128    10500    2    5917    
256    20042    2    3250    
512    38708    4    6333    
1024    77458    6    12459    
2048    156917    3    24833    
4096    313958    2    173875    
8192    623292    2    99209    
16384    1.24483e+06    4    198000    
32768    2.52233e+06    4    396042    
65536    5.06275e+06    2    818416    
131072    1.02736e+07    2    5.53567e+06    
262144    2.375e+07    2    3.17971e+06    
524288    7.85617e+07    2    2.22157e+07    
