32    2834    1    1959    
64    5084    2    3125    
128    10208    2    6042    
256    20125    2    3209    
512    44584    2    6542    
1024    84792    2    43875    
2048    172959    2    25583    
4096    350750    2    184209    
8192    677542    2    356917    
16384    1.24612e+06    2    694208    
32768    2.47892e+06    2    1.58083e+06    
65536    4.96367e+06    2    3.15825e+06    
131072    1.01679e+07    2    5.52592e+06    
262144    3.04025e+07    2    1.10504e+07    
524288    6.65081e+07    2    2.2109e+07    
