32    3000    2    584    
64    5333    2    917    
128    10500    2    6125    
256    20417    2    11375    
512    39084    2    22041    
1024    78667    2    52250    
2048    160084    2    98959    
4096    318584    2    196750    
8192    620250    2    393375    
16384    1.24658e+06    2    786250    
32768    2.49654e+06    2    1.377e+06    
65536    4.97892e+06    2    2.76683e+06    
131072    1.08296e+07    2    6.5005e+06    
262144    2.92429e+07    2    1.12141e+07    
524288    6.53235e+07    2    2.21465e+07    
