32    4333    2    1916    
64    5250    2    3292    
128    13292    2    1625    
256    25292    2    11583    
512    42583    2    6375    
1024    88000    2    43542    
2048    163667    3    24917    
4096    356458    3    214667    
8192    674584    2    416125    
16384    1.24975e+06    2    799459    
32768    2.61321e+06    2    1.41188e+06    
65536    5.41754e+06    4    2.81808e+06    
131072    1.52948e+07    2    1.5895e+06    
262144    3.23086e+07    2    1.12517e+07    
524288    7.17632e+07    3    6.53617e+06    
