32    334    2    83    
64    584    2    83    
128    917    2    125    
256    1791    4    250    
512    3583    4    541    
1024    8333    2    958    
2048    16750    2    1917    
4096    34625    2    3792    
8192    73000    2    7625    
16384    146584    2    15292    
32768    318250    2    30500    
65536    581708    3    64916    
131072    1.41625e+06    3    121875    
262144    3.86212e+06    2    251667    
524288    8.30496e+06    2    490417    
1.04858e+06    3.01896e+07    2    978375    
