32    375    2    41    
64    459    2    84    
128    958    2    125    
256    2000    2    250    
512    3667    2    500    
1024    8041    2    959    
2048    20333    2    1917    
4096    41625    2    3959    
8192    70458    2    7625    
16384    168958    2    15291    
32768    334292    2    30500    
65536    628250    2    62875    
131072    1.30592e+06    3    122292    
262144    3.60808e+06    6    244917    
524288    1.06809e+07    5    488125    
1.04858e+06    2.48399e+07    3    1.041e+06    
