32    375    2    42    
64    584    2    83    
128    1000    3    125    
256    1958    2    250    
512    3750    2    500    
1024    8625    4    958    
2048    17791    4    1958    
4096    34916    2    3792    
8192    70792    2    7875    
16384    154291    3    15250    
32768    277458    3    30458    
65536    566667    2    61000    
131072    1.35067e+06    2    127250    
262144    4.19258e+06    2    246375    
524288    1.07845e+07    2    487416    
1.04858e+06    3.60066e+07    2    993833    
