32    2792    2    1834    
64    5167    2    875    
128    10333    2    6209    
256    19459    3    11208    
512    38500    2    24958    
1024    77666    2    49917    
2048    158500    2    98833    
4096    317167    2    172750    
8192    626750    2    99167    
16384    1.25921e+06    2    691667    
32768    2.50988e+06    4    396250    
65536    5.04308e+06    3    2.76758e+06    
131072    1.01384e+07    2    5.50654e+06    
262144    2.59748e+07    2    1.13893e+07    
524288    6.22593e+07    2    2.20736e+07    
1.04858e+06    1.843e+08    2    4.43837e+07    
2.09715e+06    4.11322e+08    2    2.53806e+07    
4.1943e+06    8.2915e+08    2    1.79595e+08    
8.38861e+06    1.70195e+09    2    3.58679e+08    
