32    2792    2    625    
64    5209    2    875    
128    10084    2    5959    
256    20000    2    11417    
512    39458    2    22250    
1024    82208    3    12625    
2048    158583    2    24875    
4096    310375    2    172792    
8192    646292    2    344500    
16384    1.4115e+06    3    886125    
32768    2.61579e+06    4    1.43612e+06    
65536    5.25762e+06    2    3.1645e+06    
131072    1.24278e+07    2    5.56692e+06    
262144    3.42605e+07    2    1.14564e+07    
524288    7.95763e+07    2    2.22969e+07    
