32    375    2    41    
64    500    2    83    
128    917    2    167    
256    1791    2    250    
512    3667    2    459    
1024    8084    2    1333    
2048    23417    2    2000    
4096    47333    2    3959    
8192    83750    2    7625    
16384    177292    3    15250    
32768    345208    2    30541    
65536    601583    2    60917    
131072    1.31871e+06    2    122583    
262144    3.242e+06    2    245709    
524288    1.03797e+07    4    491209    
1.04858e+06    3.88196e+07    5    1.00517e+06    
