32    2791    2    1750    
64    5083    2    3500    
128    10041    4    7625    
256    19250    3    12833    
512    38625    2    22000    
1024    79916    2    12500    
2048    155250    3    25083    
4096    313959    2    173625    
8192    624375    2    99041    
16384    1.29271e+06    3    198541    
32768    2.50612e+06    2    1.38075e+06    
65536    5.01846e+06    2    2.77554e+06    
131072    1.20592e+07    2    5.67608e+06    
262144    2.23581e+07    2    1.10919e+07    
524288    6.88279e+07    2    6.38012e+06    
