32    292    2    84    
64    584    2    84    
128    959    3    167    
256    1916    5    292    
512    3625    3    500    
1024    8209    2    958    
2048    16666    2    1916    
4096    35708    2    3834    
8192    70125    2    7834    
16384    143542    4    15208    
32768    295292    4    30458    
65536    571209    2    62916    
131072    1.24638e+06    2    125750    
262144    2.84854e+06    2    253250    
524288    9.4415e+06    2    489375    
1.04858e+06    3.16544e+07    3    979458    
