32    375    3    83    
64    500    2    84    
128    1167    2    166    
256    1959    2    292    
512    3792    2    500    
1024    8000    2    1000    
2048    17208    3    1917    
4096    34417    2    3833    
8192    71583    2    7625    
16384    142209    2    15250    
32768    274916    3    30500    
65536    613709    2    61000    
131072    1.2645e+06    2    125833    
262144    4.03004e+06    2    245667    
524288    1.05946e+07    2    490625    
1.04858e+06    3.4963e+07    2    978833    
