32    250    2    42    
64    459    3    83    
128    958    2    125    
256    1959    2    250    
512    3708    2    458    
1024    8333    2    958    
2048    17792    2    1917    
4096    37542    2    3792    
8192    72875    2    7625    
16384    140791    2    15250    
32768    281166    2    30458    
65536    554708    2    61000    
131072    1.25967e+06    2    122250    
262144    3.83325e+06    3    243875    
524288    1.0528e+07    2    488500    
1.04858e+06    3.18072e+07    2    990500    
