32    666    2    
64    583    2    
128    1292    3    
256    1833    2    
512    3792    2    
1024    8709    2    
2048    17791    2    
4096    35500    4    
8192    73791    2    
16384    150250    2    
32768    295166    2    
65536    602500    2    
131072    1.41421e+06    3    
262144    3.48546e+06    3    
524288    1.02752e+07    2    
1.04858e+06    2.82202e+07    2    
2.09715e+06    7.86674e+07    2    
4.1943e+06    1.69106e+08    2    
8.38861e+06    3.49466e+08    3    
1.67772e+07    7.78178e+08    2    
