32    3083    7    500    
64    5084    12    875    
128    10000    8    1625    
256    19250    4    3208    
512    39458    2    25041    
1024    79416    2    43583    
2048    160917    2    24875    
4096    310083    2    171625    
8192    623375    3    393375    
16384    1.27467e+06    5    788750    
32768    2.49754e+06    3    1.58438e+06    
65536    5.04696e+06    2    2.76396e+06    
131072    1.01758e+07    2    5.53171e+06    
262144    2.30296e+07    2    1.10614e+07    
524288    7.19733e+07    2    6.34233e+06    
