32    458    2    83    
64    625    2    83    
128    2000    2    208    
256    2416    2    292    
512    4500    2    500    
1024    10959    3    958    
2048    22750    3    2125    
4096    42667    2    3833    
8192    81542    2    7666    
16384    158250    2    15292    
32768    358750    2    30500    
65536    615542    2    61041    
131072    1.3865e+06    2    121917    
262144    3.6995e+06    2    243833    
524288    1.104e+07    3    488292    
1.04858e+06    3.618e+07    2    978208    
