32    292    2    41    
64    542    3    83    
128    917    3    125    
256    1875    2    250    
512    3584    2    500    
1024    8208    3    959    
2048    16792    2    1917    
4096    33625    2    3791    
8192    67792    4    8292    
16384    177834    8    15834    
32768    333792    5    30542    
65536    663417    3    61083    
131072    1.45258e+06    2    121959    
262144    2.70546e+06    2    251416    
524288    5.97775e+06    2    495667    
1.04858e+06    2.15923e+07    2    979875    
