32    3042    4    584    
64    5417    4    916    
128    10208    2    7042    
256    20250    2    11250    
512    39208    3    24916    
1024    77125    5    62250    
2048    156875    9    185167    
4096    307042    9    394458    
8192    617125    5    493667    
16384    1.23483e+06    3    788958    
32768    2.48104e+06    2    1.37938e+06    
65536    4.99288e+06    2    2.76775e+06    
131072    1.01245e+07    2    5.55004e+06    
262144    2.29432e+07    2    1.29743e+07    
524288    7.6681e+07    4    2.53867e+07    
