32    3041    3    500    
64    5291    2    3250    
128    12500    2    6042    
256    21292    4    3209    
512    39250    3    6250    
1024    78833    2    46709    
2048    160125    2    86708    
4096    321792    2    172959    
8192    622750    2    345041    
16384    1.2715e+06    2    713250    
32768    2.54692e+06    3    396167    
65536    5.06883e+06    2    792166    
131072    1.03064e+07    2    5.5295e+06    
262144    2.68075e+07    2    3.16792e+06    
524288    8.56048e+07    2    2.21858e+07    
