32    333    2    42    
64    625    3    84    
128    1041    3    125    
256    1875    2    250    
512    3792    2    500    
1024    8417    4    959    
2048    16958    8    1917    
4096    35084    16    3958    
8192    84667    14    7750    
16384    165917    7    15250    
32768    311458    4    30500    
65536    633292    2    61041    
131072    1.34521e+06    2    124125    
262144    2.39467e+06    2    248042    
524288    5.65471e+06    2    508583    
1.04858e+06    2.02091e+07    2    977291    
