32    3084    2    2334    
64    5208    2    3250    
128    10333    2    6125    
256    19541    2    11542    
512    39458    2    22125    
1024    77625    2    43583    
2048    157167    2    86458    
4096    312083    2    172541    
8192    620208    2    345125    
16384    1.23925e+06    2    203166    
32768    2.48638e+06    2    1.37933e+06    
65536    4.97996e+06    2    2.863e+06    
131072    1.18033e+07    2    5.59333e+06    
262144    3.95029e+07    2    1.15086e+07    
524288    7.40029e+07    2    2.22272e+07    
