32    375    2    83    
64    542    2    83    
128    1000    2    125    
256    1917    2    334    
512    3583    4    500    
1024    8291    8    958    
2048    16750    5    1958    
4096    36000    3    3834    
8192    77791    2    7708    
16384    139959    2    15250    
32768    279375    2    30500    
65536    604250    4    62875    
131072    1.27558e+06    8    122334    
262144    2.78908e+06    9    257417    
524288    7.06262e+06    5    488209    
1.04858e+06    1.87738e+07    3    1.01354e+06    
