32    3209    2    1875    
64    5166    2    3125    
128    10125    2    6792    
256    19917    2    11417    
512    38958    2    22209    
1024    81125    2    43667    
2048    154375    2    86834    
4096    310958    2    49542    
8192    693666    2    345083    
16384    1.2815e+06    2    689916    
32768    2.85183e+06    2    1.59262e+06    
65536    5.68788e+06    2    2.77892e+06    
131072    1.32081e+07    3    6.38946e+06    
262144    3.44232e+07    2    1.11692e+07    
524288    7.89662e+07    2    2.23853e+07    
