32    334    3    42    
64    458    2    83    
128    959    2    125    
256    1792    2    291    
512    3666    2    500    
1024    8208    3    958    
2048    17042    3    2000    
4096    36833    2    3791    
8192    69958    2    7667    
16384    143125    4    15375    
32768    276834    2    31458    
65536    592000    2    61167    
131072    1.41708e+06    3    126166    
262144    4.67438e+06    5    243875    
524288    1.00068e+07    3    487875    
1.04858e+06    2.5709e+07    2    976583    
