32    250    2    83    
64    583    2    83    
128    958    2    125    
256    1875    2    292    
512    3709    2    500    
1024    12417    2    1084    
2048    21666    2    1916    
4096    42209    3    3792    
8192    87625    2    7583    
16384    171958    2    15833    
32768    345458    3    31542    
65536    624750    2    61375    
131072    1.31892e+06    2    130042    
262144    5.58704e+06    4    245209    
524288    1.04447e+07    5    487791    
1.04858e+06    2.54581e+07    3    1.00642e+06    
