32    3000    2    2000    
64    5291    2    3292    
128    10458    2    6958    
256    20542    2    11709    
512    40416    3    6459    
1024    81458    2    44958    
2048    165334    2    89416    
4096    320000    2    177833    
8192    646000    2    355917    
16384    1.2815e+06    2    204125    
32768    2.55896e+06    4    1.43804e+06    
65536    5.13733e+06    2    2.76442e+06    
131072    1.05307e+07    2    1.58421e+06    
262144    2.11994e+07    2    3.31679e+06    
524288    6.71431e+07    2    2.26566e+07    
