32    3083    2    2083    
64    5417    2    959    
128    10458    2    6167    
256    20916    2    11417    
512    38916    2    6291    
1024    78125    4    12458    
2048    155875    7    24875    
4096    310250    4    49625    
8192    622041    2    99083    
16384    1.25058e+06    2    690875    
32768    2.4965e+06    2    1.43158e+06    
65536    5.00933e+06    2    3.15567e+06    
131072    1.01012e+07    2    5.53658e+06    
262144    2.37928e+07    2    3.17796e+06    
524288    7.0006e+07    2    2.21131e+07    
