32    3250    2    2000    
64    5125    2    3083    
128    10125    2    6083    
256    19625    2    3167    
512    40166    2    22958    
1024    79833    3    13000    
2048    159500    2    86458    
4096    312709    2    172792    
8192    621583    2    344000    
16384    1.24525e+06    2    692916    
32768    2.48321e+06    2    1.45242e+06    
65536    5.03521e+06    2    2.76542e+06    
131072    1.01391e+07    2    5.54658e+06    
262144    2.26443e+07    2    1.10063e+07    
524288    6.7256e+07    2    2.26679e+07    
