32    3000    6    625    
64    5333    3    875    
128    9875    2    1667    
256    19542    2    11500    
512    38625    3    6333    
1024    77417    2    12500    
2048    154792    2    86583    
4096    308500    2    49584    
8192    620958    2    364292    
16384    1.23204e+06    2    688084    
32768    2.50217e+06    2    1.38025e+06    
65536    5.03012e+06    2    2.7845e+06    
131072    1.0193e+07    2    5.56092e+06    
262144    2.23149e+07    2    1.10751e+07    
524288    7.06054e+07    2    2.23111e+07    
