32    333    3    42    
64    500    2    41    
128    958    2    166    
256    1917    3    250    
512    3750    2    459    
1024    8292    2    1000    
2048    16541    2    1916    
4096    34542    2    3833    
8192    69500    2    7625    
16384    140209    2    15292    
32768    275667    3    31417    
65536    633625    2    60958    
131072    1.30429e+06    2    125750    
262144    4.04008e+06    2    244709    
524288    1.02866e+07    2    504958    
1.04858e+06    3.78548e+07    3    979667    
