32    375    2    84    
64    667    2    83    
128    1125    2    167    
256    2042    2    250    
512    3792    2    500    
1024    9416    2    1042    
2048    18583    2    1958    
4096    35708    4    3792    
8192    72042    3    8042    
16384    170250    2    15292    
32768    293708    2    30583    
65536    594000    2    60917    
131072    1.37808e+06    2    126041    
262144    3.97488e+06    3    252334    
524288    1.06491e+07    6    489375    
1.04858e+06    2.6656e+07    3    985292    
