32    333    2    83    
64    542    3    84    
128    958    5    125    
256    1833    7    250    
512    3625    4    500    
1024    9334    2    1000    
2048    17584    2    2125    
4096    36875    3    4083    
8192    73667    2    8000    
16384    146834    2    15833    
32768    319667    2    32375    
65536    648041    2    60958    
131072    1.35875e+06    3    124792    
262144    3.9545e+06    2    245083    
524288    1.11263e+07    2    506792    
1.04858e+06    3.14864e+07    2    1.00892e+06    
