32    2833    2    2125    
64    5125    2    3167    
128    9875    3    1667    
256    19292    4    11208    
512    39500    2    25292    
1024    80458    2    43667    
2048    154209    3    98833    
4096    313208    2    176042    
8192    734500    2    393458    
16384    1.23967e+06    2    688125    
32768    2.93225e+06    2    1.44871e+06    
65536    5.63025e+06    3    3.21604e+06    
131072    1.06879e+07    5    8.16342e+06    
262144    2.58358e+07    6    1.63222e+07    
524288    6.7431e+07    3    2.85728e+07    
