32    3250    4    2208    
64    5375    3    917    
128    10333    2    1708    
256    20625    2    11375    
512    39583    2    22125    
1024    77667    2    12500    
2048    158875    2    24833    
4096    308417    2    49584    
8192    654167    2    347625    
16384    1.26604e+06    4    198042    
32768    2.47738e+06    6    396000    
65536    5.05321e+06    3    830791    
131072    1.01808e+07    2    5.55129e+06    
262144    2.07736e+07    2    1.28612e+07    
524288    5.23749e+07    4    2.63233e+07    
