32    3041    2    2084    
64    5167    3    3208    
128    9792    2    6458    
256    19583    2    11459    
512    39041    3    28250    
1024    78042    2    43708    
2048    155625    2    86417    
4096    309541    3    49708    
8192    618333    4    99250    
16384    1.24321e+06    2    786250    
32768    2.48812e+06    2    1.38038e+06    
65536    5.05838e+06    2    2.79642e+06    
131072    1.01338e+07    3    6.37833e+06    
262144    2.1265e+07    2    3.33567e+06    
524288    6.31182e+07    2    2.20853e+07    
