32    375    4    83    
64    458    2    83    
128    958    2    125    
256    1792    2    250    
512    3667    2    458    
1024    8583    2    1042    
2048    17042    2    1917    
4096    35250    3    3917    
8192    69208    6    8084    
16384    177625    5    15750    
32768    337709    3    30500    
65536    654292    2    61000    
131072    1.77167e+06    2    124458    
262144    3.78562e+06    2    244667    
524288    1.1779e+07    3    493916    
1.04858e+06    3.59069e+07    3    1.00929e+06    
