32    333    2    41    
64    459    2    83    
128    1250    3    166    
256    1875    2    250    
512    3916    2    459    
1024    8500    2    958    
2048    18250    2    1917    
4096    35459    4    3833    
8192    73542    2    7625    
16384    147375    2    15416    
32768    285917    2    30458    
65536    595000    2    60917    
131072    1.16e+06    3    124500    
262144    3.23783e+06    3    244958    
524288    9.84075e+06    2    490834    
1.04858e+06    3.22839e+07    2    981542    
