32    2958    1    1958    
64    5333    2    3542    
128    10333    2    6625    
256    19750    2    12875    
512    39292    2    25125    
1024    77333    4    55709    
2048    156000    6    123917    
4096    312375    3    197042    
8192    626958    2    99000    
16384    1.247e+06    2    690833    
32768    2.48412e+06    3    1.57558e+06    
65536    4.97262e+06    2    792166    
131072    1.00987e+07    2    5.54479e+06    
262144    2.21356e+07    2    1.14865e+07    
524288    5.62315e+07    2    2.21432e+07    
