32    3041    2    1916    
64    5334    2    3250    
128    10208    2    6125    
256    19667    2    3209    
512    38084    2    6292    
1024    77709    3    43875    
2048    156875    2    86834    
4096    310541    2    173000    
8192    616084    2    345333    
16384    1.23421e+06    2    691291    
32768    2.47292e+06    2    1.39779e+06    
65536    4.9995e+06    2    792167    
131072    1.00694e+07    2    1.59225e+06    
262144    2.37546e+07    3    3.20504e+06    
524288    7.51463e+07    2    6.33579e+06    
