32    3208    2    1875    
64    5125    2    1000    
128    10000    2    5958    
256    19375    3    3250    
512    38208    5    6292    
1024    76833    4    12459    
2048    156250    2    24875    
4096    311875    2    172708    
8192    624000    3    99084    
16384    1.23808e+06    2    694833    
32768    2.47533e+06    2    1.37858e+06    
65536    5.00908e+06    4    3.15738e+06    
131072    1.28725e+07    2    6.32121e+06    
262144    2.40738e+07    2    1.26642e+07    
524288    6.57585e+07    2    2.5304e+07    
