32    3000    2    500    
64    5416    2    3750    
128    10541    2    6041    
256    20333    3    3375    
512    40708    5    6459    
1024    81750    3    12834    
2048    161667    2    25625    
4096    352042    2    53042    
8192    665583    2    346167    
16384    1.27838e+06    3    210750    
32768    2.56996e+06    3    1.43554e+06    
65536    5.49608e+06    2    2.77725e+06    
131072    1.35925e+07    2    6.6675e+06    
262144    3.17228e+07    4    3.18308e+06    
524288    9.29375e+07    3    2.57291e+07    
