32    375    2    42    
64    583    2    83    
128    917    2    125    
256    1875    2    250    
512    3667    2    500    
1024    8583    2    958    
2048    17334    4    1917    
4096    38292    7    3792    
8192    70709    4    7667    
16384    142042    2    15750    
32768    292708    2    31458    
65536    589500    3    60958    
131072    1.31212e+06    2    126500    
262144    3.98762e+06    2    243958    
524288    1.16445e+07    2    487917    
1.04858e+06    3.5551e+07    2    979500    
