32    5416    2    1917    
64    5500    2    916    
128    10459    3    1750    
256    20541    2    3208    
512    38667    2    22292    
1024    80208    2    12458    
2048    155584    2    86625    
4096    306083    3    49583    
8192    620208    2    396708    
16384    1.24171e+06    2    684250    
32768    2.47954e+06    2    1.52033e+06    
65536    5.67688e+06    2    3.15658e+06    
131072    1.37596e+07    2    5.71496e+06    
262144    3.1528e+07    2    1.27472e+07    
524288    7.19043e+07    4    6.34975e+06    
