32    250    2    42    
64    500    2    83    
128    917    2    166    
256    1875    2    250    
512    3833    2    459    
1024    8458    3    958    
2048    20417    2    1917    
4096    35459    2    3833    
8192    71875    4    7625    
16384    144333    8    15250    
32768    311958    4    30416    
65536    584792    2    65000    
131072    1.53846e+06    2    122042    
262144    3.97296e+06    3    243875    
524288    1.31129e+07    3    490750    
1.04858e+06    3.38566e+07    2    1.00708e+06    
