32    250    4    83    
64    500    4    83    
128    917    2    125    
256    1875    2    250    
512    3667    2    500    
1024    8208    2    959    
2048    16458    3    1917    
4096    34209    2    3917    
8192    71708    2    7833    
16384    153042    2    15292    
32768    275917    2    30541    
65536    555083    2    60917    
131072    1.29125e+06    3    125625    
262144    3.81354e+06    6    247083    
524288    8.65883e+06    3    491334    
1.04858e+06    3.03531e+07    2    1.01025e+06    
