32    3000    3    2333    
64    5209    2    3334    
128    10208    2    5875    
256    19291    2    11375    
512    38541    2    22042    
1024    83334    2    44833    
2048    165875    2    111709    
4096    349250    2    176167    
8192    642916    2    347917    
16384    1.27558e+06    2    796791    
32768    2.75554e+06    2    1.37733e+06    
65536    6.44296e+06    2    2.87075e+06    
131072    1.31036e+07    2    5.60983e+06    
262144    3.80478e+07    2    1.30663e+07    
524288    8.61478e+07    2    2.56996e+07    
