32    334    2    83    
64    542    3    84    
128    958    5    167    
256    1875    10    250    
512    3667    8    458    
1024    8292    4    1083    
2048    16958    2    1916    
4096    36250    2    3833    
8192    74833    3    7625    
16384    140333    5    15208    
32768    275792    4    30542    
65536    576959    2    62916    
131072    1.69917e+06    2    127916    
262144    4.149e+06    2    243917    
524288    1.03745e+07    2    496875    
1.04858e+06    3.88778e+07    2    978166    
