32    416    5    84    
64    500    3    83    
128    1000    2    166    
256    1875    2    250    
512    3708    2    500    
1024    12333    2    958    
2048    22792    2    1958    
4096    40583    2    3959    
8192    85709    4    7709    
16384    141208    3    15250    
32768    323917    2    30667    
65536    589417    2    64333    
131072    1.50554e+06    4    122416    
262144    3.74075e+06    5    248875    
524288    9.16329e+06    3    503208    
1.04858e+06    2.7684e+07    2    1.02562e+06    
