32    3000    2    2208    
64    5209    2    3542    
128    10125    2    5958    
256    19250    2    11750    
512    40333    2    22834    
1024    80417    2    45000    
2048    171791    3    39708    
4096    335667    4    203208    
8192    666667    2    345541    
16384    1.25942e+06    2    216375    
32768    2.63429e+06    3    1.47842e+06    
65536    5.89275e+06    2    3.28933e+06    
131072    1.43326e+07    2    5.68392e+06    
262144    2.77239e+07    2    1.2831e+07    
524288    6.6859e+07    2    2.55692e+07    
