32    3209    3    2125    
64    5333    2    3541    
128    10250    2    6000    
256    19500    2    12708    
512    38334    2    22208    
1024    79584    2    12542    
2048    156833    2    24917    
4096    308916    2    49583    
8192    621375    2    360166    
16384    1.24392e+06    2    691208    
32768    2.55108e+06    3    1.39121e+06    
65536    5.02488e+06    2    800208    
131072    1.01508e+07    2    5.53904e+06    
262144    2.21249e+07    3    1.28545e+07    
524288    6.40875e+07    2    2.58117e+07    
