32    3208    2    500    
64    5459    2    3208    
128    10083    2    5917    
256    20875    2    11833    
512    40250    2    6500    
1024    85000    4    44875    
2048    173000    4    89458    
4096    323458    2    202917    
8192    674666    2    355458    
16384    1.33067e+06    3    204166    
32768    2.67308e+06    2    420125    
65536    5.13567e+06    2    2.771e+06    
131072    1.01788e+07    3    6.37675e+06    
262144    2.34786e+07    2    1.16563e+07    
524288    7.42382e+07    2    2.2212e+07    
