32    250    9    42    
64    541    5    83    
128    1042    3    125    
256    1917    2    250    
512    3583    2    458    
1024    8000    2    958    
2048    18208    2    1916    
4096    35709    2    3833    
8192    69708    2    7625    
16384    158917    2    15291    
32768    278083    2    30500    
65536    577125    2    61083    
131072    1.20488e+06    2    125708    
262144    5.59088e+06    2    244750    
524288    1.03555e+07    2    492375    
1.04858e+06    3.40817e+07    2    977917    
