32    333    2    83    
64    458    2    83    
128    959    3    125    
256    1916    3    250    
512    3667    2    500    
1024    9334    2    1000    
2048    20375    3    2000    
4096    45250    2    4125    
8192    85916    2    7625    
16384    164917    2    15250    
32768    311125    2    30625    
65536    646125    2    65584    
131072    1.41767e+06    2    125792    
262144    4.62079e+06    2    244750    
524288    1.274e+07    3    504000    
1.04858e+06    3.74971e+07    2    1.00904e+06    
