32    3000    3    2375    
64    5416    2    3250    
128    10792    2    6125    
256    19625    2    3334    
512    40291    2    6459    
1024    80917    2    44833    
2048    167958    2    92291    
4096    320875    2    180500    
8192    651750    2    102167    
16384    1.29692e+06    2    721542    
32768    2.48829e+06    2    1.388e+06    
65536    5.00588e+06    3    792166    
131072    1.01037e+07    3    6.3135e+06    
262144    2.93563e+07    2    1.14314e+07    
524288    5.53315e+07    2    6.35929e+06    
1.04858e+06    1.49666e+08    4    1.2683e+07    
2.09715e+06    4.14794e+08    5    2.54935e+07    
4.1943e+06    8.55458e+08    3    5.19108e+07    
8.38861e+06    1.71256e+09    2    3.60949e+08    
