32    375    2    
64    500    2    
128    1208    2    
256    1917    2    
512    11417    2    
1024    8708    2    
2048    16917    2    
4096    35542    3    
8192    82708    6    
16384    148959    4    
32768    310458    2    
65536    604000    2    
131072    1.292e+06    2    
262144    4.14096e+06    3    
524288    1.01924e+07    3    
1.04858e+06    3.39016e+07    2    
2.09715e+06    7.27292e+07    2    
4.1943e+06    1.56495e+08    3    
8.38861e+06    3.4098e+08    6    
1.67772e+07    7.0109e+08    12    
