32    250    2    
64    583    2    
128    1292    2    
256    1792    2    
512    3625    2    
1024    8416    2    
2048    17250    2    
4096    34792    2    
8192    70709    2    
16384    141458    2    
32768    279209    4    
65536    601750    2    
131072    1.27962e+06    2    
262144    3.46925e+06    2    
524288    1.00697e+07    2    
1.04858e+06    3.47765e+07    2    
2.09715e+06    8.2709e+07    2    
4.1943e+06    1.76382e+08    2    
8.38861e+06    3.52968e+08    4    
1.67772e+07    7.20355e+08    8    
