32    625    2    42    
64    709    3    84    
128    917    2    125    
256    2000    2    250    
512    3833    2    542    
1024    11458    2    958    
2048    24417    2    2042    
4096    45375    2    3792    
8192    83000    2    7625    
16384    166875    4    15417    
32768    341667    3    30459    
65536    690709    2    64208    
131072    1.93483e+06    2    122208    
262144    5.6415e+06    2    246917    
524288    1.14602e+07    2    490375    
1.04858e+06    3.35641e+07    3    1.01342e+06    
