32    2958    2    2000    
64    5458    2    3459    
128    10542    2    1750    
256    20291    4    3250    
512    38833    3    6333    
1024    77917    2    12500    
2048    153958    2    86666    
4096    310625    2    172250    
8192    621584    3    344750    
16384    1.24588e+06    3    689583    
32768    2.48742e+06    2    1.37858e+06    
65536    5.2955e+06    2    830875    
131072    1.06507e+07    2    1.60075e+06    
262144    2.11149e+07    2    3.22388e+06    
524288    6.1298e+07    2    2.23944e+07    
