32    375    2    
64    542    2    
128    1250    2    
256    1791    2    
512    3667    4    
1024    8250    3    
2048    16708    2    
4096    34167    2    
8192    68833    2    
16384    154375    2    
32768    279292    2    
65536    559417    3    
131072    1.21454e+06    2    
262144    3.10179e+06    2    
524288    9.86275e+06    3    
1.04858e+06    3.35491e+07    5    
2.09715e+06    8.31832e+07    6    
4.1943e+06    1.78299e+08    3    
8.38861e+06    3.63643e+08    2    
1.67772e+07    7.12304e+08    2    
