32    375    2    83    
64    583    2    84    
128    958    2    125    
256    2000    2    250    
512    3917    2    500    
1024    8958    2    1000    
2048    19292    2    2166    
4096    37292    4    3916    
8192    78208    3    7625    
16384    154875    2    15250    
32768    302583    2    30500    
65536    608209    2    62875    
131072    1.47358e+06    2    121959    
262144    3.79717e+06    3    254917    
524288    1.02754e+07    6    488250    
1.04858e+06    2.82921e+07    3    981750    
