32    3083    2    500    
64    5167    4    875    
128    10041    7    1625    
256    19792    5    3208    
512    39500    3    6334    
1024    80500    2    43542    
2048    155625    2    86833    
4096    311750    2    172833    
8192    628542    2    345666    
16384    1.33904e+06    2    692125    
32768    2.72188e+06    2    1.378e+06    
65536    5.75929e+06    2    2.88079e+06    
131072    1.19288e+07    2    5.62462e+06    
262144    3.0702e+07    2    1.1201e+07    
524288    8.17575e+07    2    2.2568e+07    
