32    2958    2    2000    
64    5291    4    3125    
128    10167    6    6042    
256    19667    3    11333    
512    39083    2    6250    
1024    78583    2    43875    
2048    155458    2    86750    
4096    310708    3    199042    
8192    644750    6    99208    
16384    1.26867e+06    12    202291    
32768    2.52062e+06    23    396000    
65536    5.11829e+06    30    818917    
131072    1.05307e+07    15    1.59142e+06    
262144    2.36359e+07    8    3.17554e+06    
524288    5.197e+07    4    6.38562e+06    
