32    2958    2    2042    
64    5125    2    3250    
128    10708    2    6209    
256    19958    4    11791    
512    40625    2    6958    
1024    82250    2    12500    
2048    154125    2    87250    
4096    312209    2    172541    
8192    621458    3    99208    
16384    1.23417e+06    2    198208    
32768    2.88125e+06    2    1.42738e+06    
65536    5.82862e+06    2    791959    
131072    1.16711e+07    2    5.68333e+06    
262144    3.11346e+07    3    1.28609e+07    
524288    8.13712e+07    4    3.1983e+07    
