32    333    2    0    
64    500    2    83    
128    1000    2    166    
256    1916    4    250    
512    3708    3    459    
1024    8542    2    959    
2048    17083    2    1917    
4096    35500    3    3833    
8192    69625    2    7666    
16384    140000    2    15167    
32768    274375    2    30584    
65536    685208    2    63042    
131072    1.56596e+06    2    121916    
262144    3.31204e+06    2    243666    
524288    1.07468e+07    2    489791    
1.04858e+06    3.64107e+07    2    979000    
