32    375    9    84    
64    500    5    83    
128    917    3    125    
256    1875    2    250    
512    3875    2    500    
1024    8125    2    959    
2048    18750    2    1917    
4096    34834    2    3792    
8192    70333    2    7750    
16384    144917    2    15250    
32768    278209    2    30500    
65536    582875    2    60958    
131072    1.27338e+06    2    121958    
262144    3.17492e+06    2    248834    
524288    1.0532e+07    2    497708    
1.04858e+06    3.48448e+07    2    1.00771e+06    
