32    3458    3    583    
64    5375    3    3916    
128    10125    2    6084    
256    20292    2    3416    
512    39458    2    22792    
1024    79791    2    44833    
2048    160500    4    114625    
4096    319541    7    354792    
8192    640083    6    405500    
16384    1.29275e+06    3    813417    
32768    2.56067e+06    2    410916    
65536    6.19708e+06    2    2.77812e+06    
131072    1.03258e+07    2    5.53125e+06    
262144    2.68825e+07    2    1.29725e+07    
524288    7.40245e+07    4    2.87439e+07    
