32    3083    2    542    
64    5250    2    875    
128    10250    2    6000    
256    19416    2    3208    
512    38250    2    6291    
1024    78208    2    12500    
2048    158416    2    86542    
4096    314500    2    173292    
8192    620583    2    347625    
16384    1.24204e+06    2    694708    
32768    2.55267e+06    3    1.58033e+06    
65536    4.97796e+06    2    3.16146e+06    
131072    1.01698e+07    2    5.54433e+06    
262144    2.1317e+07    3    1.28947e+07    
524288    6.35207e+07    2    2.23796e+07    
