32    250    2    41    
64    583    2    83    
128    1167    2    125    
256    1917    2    292    
512    3625    2    500    
1024    8500    2    958    
2048    17583    3    1959    
4096    37000    4    3916    
8192    72375    2    7833    
16384    144542    2    15708    
32768    291917    3    30583    
65536    605334    2    60958    
131072    1.29875e+06    2    122083    
262144    3.27804e+06    3    259417    
524288    1.172e+07    6    537208    
1.04858e+06    2.46655e+07    12    978500    
2.09715e+06    5.10722e+07    24    1.95379e+06    
4.1943e+06    1.06534e+08    18    3.91662e+06    
8.38861e+06    2.27177e+08    9    7.833e+06    
1.67772e+07    4.76779e+08    5    1.5764e+07    
