32    333    2    42    
64    583    2    84    
128    917    2    125    
256    1917    2    250    
512    3791    3    500    
1024    8000    5    959    
2048    17000    3    1916    
4096    36667    2    4000    
8192    74208    2    7709    
16384    140958    2    15750    
32768    292584    2    30500    
65536    649042    3    61000    
131072    1.228e+06    2    121875    
262144    3.64946e+06    2    247542    
524288    1.02479e+07    2    503791    
1.04858e+06    3.75343e+07    2    1.00896e+06    
