32    3209    2    1917    
64    5292    2    3250    
128    10459    2    6333    
256    20125    2    11750    
512    39834    2    6541    
1024    78417    2    12875    
2048    160625    2    89375    
4096    329292    2    181208    
8192    655208    2    408291    
16384    1.27121e+06    2    810167    
32768    2.57608e+06    4    411083    
65536    5.45042e+06    3    794709    
131072    1.02614e+07    2    5.59633e+06    
262144    2.16022e+07    2    1.1117e+07    
524288    6.40883e+07    3    6.35767e+06    
