32    250    2    42    
64    458    2    84    
128    917    3    125    
256    1916    3    250    
512    3625    2    500    
1024    8375    2    958    
2048    17834    2    1916    
4096    34875    4    3833    
8192    70792    3    7625    
16384    144291    2    15250    
32768    274416    2    30458    
65536    586958    2    62833    
131072    1.45121e+06    4    126750    
262144    3.57862e+06    3    249709    
524288    8.69925e+06    2    492375    
1.04858e+06    2.91396e+07    2    1.0385e+06    
