32    2917    2    541    
64    5292    2    917    
128    10209    4    1667    
256    19458    3    3167    
512    38416    2    6292    
1024    78333    2    43500    
2048    154625    4    24917    
4096    309750    7    49583    
8192    622792    4    99042    
16384    1.246e+06    2    691458    
32768    2.50162e+06    2    396000    
65536    5.44783e+06    2    2.78521e+06    
131072    9.97467e+06    3    6.32071e+06    
262144    2.13403e+07    3    1.26215e+07    
524288    5.33071e+07    2    2.54578e+07    
