32    3583    2    2458    
64    5084    2    3334    
128    12000    2    5916    
256    19542    2    11416    
512    39375    2    25084    
1024    83250    2    43709    
2048    169334    2    24792    
4096    324000    2    49584    
8192    676167    2    363208    
16384    1.31671e+06    2    198084    
32768    2.62112e+06    2    1.38842e+06    
65536    5.19658e+06    2    3.39096e+06    
131072    1.23475e+07    2    6.32379e+06    
262144    3.96889e+07    2    1.14912e+07    
524288    7.80535e+07    2    2.23762e+07    
