32    5042    3    2167    
64    5334    4    3625    
128    10166    2    6625    
256    19166    2    11416    
512    39291    2    22167    
1024    78833    3    12583    
2048    156208    3    98666    
4096    311750    2    173042    
8192    622750    2    393042    
16384    1.30967e+06    4    893792    
32768    2.53533e+06    3    1.38008e+06    
65536    5.08767e+06    2    2.83767e+06    
131072    1.02328e+07    2    5.79754e+06    
262144    2.29358e+07    2    1.10801e+07    
524288    7.29356e+07    2    2.26303e+07    
