32    3208    3    2083    
64    5375    2    3291    
128    10333    2    6958    
256    20584    3    14917    
512    40333    7    6500    
1024    81250    6    59583    
2048    160625    3    104958    
4096    329209    2    182292    
8192    652584    2    414208    
16384    1.247e+06    2    712667    
32768    2.53325e+06    2    1.38088e+06    
65536    4.98512e+06    3    3.16325e+06    
131072    1.00887e+07    2    5.527e+06    
262144    2.13399e+07    2    1.10526e+07    
524288    5.82066e+07    3    6.34717e+06    
