32    2917    2    1958    
64    5291    2    3250    
128    10417    2    6792    
256    19958    2    12708    
512    38541    2    22291    
1024    78834    2    12459    
2048    154500    2    87209    
4096    312541    2    172750    
8192    625833    2    396542    
16384    1.2455e+06    4    198125    
32768    2.50046e+06    7    396292    
65536    4.96421e+06    7    824791    
131072    1.00448e+07    4    1.5865e+06    
262144    2.06598e+07    2    1.29088e+07    
524288    4.58982e+07    2    2.21633e+07    
