32    375    2    83    
64    584    2    83    
128    917    2    125    
256    1917    2    250    
512    3667    2    500    
1024    8000    2    959    
2048    18250    2    1916    
4096    34500    2    3792    
8192    69834    2    7625    
16384    140000    2    15208    
32768    275625    2    30542    
65536    566625    3    61000    
131072    1.16321e+06    2    128875    
262144    3.90192e+06    2    247834    
524288    1.07453e+07    2    488500    
1.04858e+06    3.3807e+07    3    978500    
