32    292    2    83    
64    1042    2    84    
128    2041    2    167    
256    1834    2    292    
512    4042    2    500    
1024    10708    2    958    
2048    22250    2    1917    
4096    39917    4    3791    
8192    70500    5    7625    
16384    140500    3    15709    
32768    287250    2    31458    
65536    617750    2    61583    
131072    1.66383e+06    2    128625    
262144    4.77075e+06    2    346083    
524288    1.07293e+07    2    488667    
1.04858e+06    3.21494e+07    2    978333    
