32    2958    2    2042    
64    5250    2    3291    
128    9959    3    1708    
256    19916    6    3166    
512    38667    10    6250    
1024    78250    5    17375    
2048    155792    3    111416    
4096    309334    2    196958    
8192    618041    2    344459    
16384    1.23038e+06    2    689417    
32768    2.47975e+06    2    1.38025e+06    
65536    4.962e+06    2    2.76988e+06    
131072    1.00297e+07    2    5.54492e+06    
262144    2.20943e+07    4    3.16854e+06    
524288    6.40501e+07    3    2.84342e+07    
