32    2875    2    1791    
64    5125    2    916    
128    10375    2    1584    
256    19584    2    3208    
512    38167    2    22208    
1024    91708    4    69500    
2048    168000    3    108125    
4096    329583    2    184709    
8192    626416    2    344833    
16384    1.25517e+06    2    799916    
32768    2.48858e+06    2    1.59279e+06    
65536    5.87067e+06    2    2.88779e+06    
131072    1.37925e+07    2    5.73717e+06    
262144    2.95032e+07    2    1.11983e+07    
524288    7.58479e+07    2    2.25128e+07    
