32    3042    3    2041    
64    5375    2    3250    
128    10167    2    1666    
256    19375    3    3208    
512    39167    2    6291    
1024    77625    2    43584    
2048    154708    2    25000    
4096    309084    2    172500    
8192    624917    2    344458    
16384    1.33608e+06    2    732625    
32768    2.67812e+06    2    1.58204e+06    
65536    4.99792e+06    2    792083    
131072    1.01358e+07    2    5.53771e+06    
262144    2.66108e+07    3    1.26522e+07    
524288    6.06745e+07    3    6.36442e+06    
