32    333    2    
64    584    2    
128    1000    2    
256    1875    2    
512    3750    2    
1024    8417    2    
2048    16875    3    
4096    34333    2    
8192    74375    2    
16384    143875    3    
32768    277167    5    
65536    557042    3    
131072    1.31362e+06    2    
262144    3.19071e+06    2    
524288    9.17029e+06    2    
1.04858e+06    3.66068e+07    4    
2.09715e+06    8.44354e+07    2    
4.1943e+06    1.75466e+08    2    
8.38861e+06    3.52578e+08    3    
1.67772e+07    7.11193e+08    2    
