32    334    2    
64    583    2    
128    1000    3    
256    2125    2    
512    3792    2    
1024    8750    2    
2048    17709    2    
4096    41791    4    
8192    76333    2    
16384    154792    2    
32768    301125    2    
65536    655084    2    
131072    1.39933e+06    3    
262144    3.48342e+06    3    
524288    1.01988e+07    2    
1.04858e+06    2.78994e+07    2    
2.09715e+06    7.83712e+07    2    
4.1943e+06    1.70125e+08    2    
8.38861e+06    3.50228e+08    3    
1.67772e+07    7.796e+08    2    
