32    2792    3    2125    
64    5209    2    3250    
128    10875    2    1666    
256    20166    3    3209    
512    38542    2    25167    
1024    81875    2    46500    
2048    170167    3    24959    
4096    317667    5    49584    
8192    648000    4    105333    
16384    1.41671e+06    2    689750    
32768    3.25154e+06    2    1.43746e+06    
65536    5.84521e+06    2    2.78488e+06    
131072    1.53182e+07    2    1.72775e+06    
262144    2.94197e+07    2    1.2775e+07    
524288    9.20853e+07    2    2.23552e+07    
