32    3041    2    500    
64    5542    2    917    
128    11083    2    6667    
256    19875    2    11458    
512    38375    2    22166    
1024    78500    2    49834    
2048    155375    2    98916    
4096    338459    2    228875    
8192    676375    3    345375    
16384    1.28312e+06    2    688125    
32768    2.927e+06    2    396167    
65536    5.02533e+06    4    801917    
131072    1.03017e+07    8    1.58829e+06    
262144    2.0627e+07    12    3.27462e+06    
524288    4.56991e+07    6    6.42175e+06    
