32    541    2    83    
64    1000    2    84    
128    1708    2    125    
256    1834    2    250    
512    4375    2    458    
1024    10333    2    958    
2048    19833    2    1916    
4096    38667    3    3834    
8192    72333    2    7625    
16384    160417    2    16250    
32768    319833    2    31375    
65536    611167    2    60917    
131072    1.27629e+06    2    123958    
262144    4.59475e+06    2    244292    
524288    1.14316e+07    3    503750    
1.04858e+06    3.48693e+07    5    978916    
