32    3084    1    2042    
64    5208    2    916    
128    10166    2    5917    
256    19667    2    11416    
512    39291    2    6291    
1024    77209    2    12500    
2048    154958    2    86625    
4096    309291    2    173041    
8192    623583    2    99084    
16384    1.23912e+06    3    198041    
32768    2.48204e+06    2    397834    
65536    5.55717e+06    2    830583    
131072    1.05102e+07    2    5.58721e+06    
262144    2.36825e+07    2    1.15192e+07    
524288    6.73427e+07    2    2.21408e+07    
