32    3458    3    500    
64    5166    2    3042    
128    10208    2    1750    
256    19667    2    12959    
512    38416    2    22000    
1024    77792    2    12583    
2048    155000    2    86458    
4096    310041    3    49625    
8192    622209    4    99083    
16384    1.26592e+06    2    691250    
32768    2.47879e+06    2    1.37888e+06    
65536    5.13558e+06    2    2.85804e+06    
131072    1.15484e+07    2    5.55567e+06    
262144    2.14942e+07    2    1.26352e+07    
524288    5.92678e+07    3    2.84272e+07    
