32    333    3    83    
64    500    2    83    
128    875    2    167    
256    4334    2    250    
512    3917    2    584    
1024    11875    2    958    
2048    18958    2    1917    
4096    43541    2    3792    
8192    75208    3    7583    
16384    146541    2    15292    
32768    284583    2    30417    
65536    591125    4    60958    
131072    1.31346e+06    5    121917    
262144    3.21212e+06    3    246083    
524288    8.89567e+06    2    490125    
1.04858e+06    3.09298e+07    2    992750    
