32    3000    4    750    
64    5084    7    917    
128    10125    4    1792    
256    20375    2    3208    
512    39292    2    6334    
1024    79291    2    43625    
2048    156084    2    24875    
4096    310250    3    49583    
8192    616458    2    344625    
16384    1.23854e+06    2    789375    
32768    2.48854e+06    4    396084    
65536    4.99208e+06    3    794833    
131072    1.01714e+07    2    5.53479e+06    
262144    2.14199e+07    2    1.10781e+07    
524288    5.98472e+07    2    2.21278e+07    
