32    3125    2    667    
64    5334    3    3333    
128    11959    2    7167    
256    23000    2    11791    
512    40208    3    30500    
1024    90542    2    52041    
2048    197958    2    102333    
4096    311750    3    209416    
8192    651125    5    120834    
16384    1.29267e+06    7    217959    
32768    2.75817e+06    4    412000    
65536    5.50312e+06    2    796459    
131072    1.25325e+07    2    5.53425e+06    
262144    2.87397e+07    2    1.28139e+07    
524288    7.52148e+07    2    2.23813e+07    
