32    3167    2    500    
64    5333    2    3292    
128    10292    2    6042    
256    19750    2    11292    
512    40083    2    22958    
1024    79875    2    45125    
2048    159625    2    98917    
4096    310458    2    172959    
8192    620417    2    355542    
16384    1.31717e+06    2    709000    
32768    2.49521e+06    2    1.37979e+06    
65536    4.96883e+06    2    2.77171e+06    
131072    1.01655e+07    3    6.31846e+06    
262144    2.14435e+07    2    1.10754e+07    
524288    6.79856e+07    2    2.22547e+07    
