32    3042    3    625    
64    5375    3    875    
128    10500    2    6875    
256    20125    2    11667    
512    39583    2    22667    
1024    80625    2    51292    
2048    161584    2    86500    
4096    313250    2    197042    
8192    637500    2    345167    
16384    1.24483e+06    2    789125    
32768    2.49254e+06    2    1.42375e+06    
65536    4.97154e+06    3    2.82996e+06    
131072    1.31685e+07    2    5.53433e+06    
262144    2.22215e+07    2    1.10477e+07    
524288    6.87081e+07    2    2.21242e+07    
