32    333    2    84    
64    583    2    125    
128    1125    2    125    
256    1833    3    292    
512    3834    2    500    
1024    8375    2    959    
2048    17583    2    1916    
4096    41458    2    3834    
8192    69333    2    7625    
16384    139125    2    16250    
32768    321667    2    31417    
65536    600667    3    60959    
131072    1.26192e+06    2    124708    
262144    4.81183e+06    2    244625    
524288    9.75188e+06    3    490875    
1.04858e+06    3.51957e+07    2    988958    
