32    458    2    42    
64    458    2    42    
128    1000    2    125    
256    1792    2    250    
512    7625    2    500    
1024    8250    2    959    
2048    18791    2    1916    
4096    34708    3    3916    
8192    70208    2    7875    
16384    144458    2    15250    
32768    274875    2    35500    
65536    613375    2    63083    
131072    1.34079e+06    2    129875    
262144    3.96742e+06    2    247833    
524288    1.0725e+07    2    556833    
1.04858e+06    3.80072e+07    2    976208    
