32    2917    3    2209    
64    5666    2    3500    
128    10583    2    6125    
256    20792    2    11417    
512    37667    2    6292    
1024    77667    2    12500    
2048    155833    2    89375    
4096    307625    3    172583    
8192    647000    3    347500    
16384    1.23892e+06    2    198125    
32768    2.47592e+06    2    395959    
65536    5.0475e+06    2    2.79062e+06    
131072    1.02664e+07    2    1.58379e+06    
262144    2.29922e+07    4    1.29644e+07    
524288    8.68937e+07    4    2.58214e+07    
