32    2958    5    625    
64    5333    10    875    
128    10334    19    1750    
256    19917    37    3292    
512    40875    30    6542    
1024    80917    15    12833    
2048    160541    8    24792    
4096    313584    4    49583    
8192    619875    2    398542    
16384    1.25062e+06    2    688459    
32768    2.49971e+06    2    1.37908e+06    
65536    5.03279e+06    2    2.77225e+06    
131072    1.00411e+07    2    5.523e+06    
262144    2.08381e+07    2    1.30189e+07    
524288    6.01581e+07    2    2.1991e+07    
