32    3125    2    2084    
64    5291    2    3166    
128    10458    2    5791    
256    19750    3    12958    
512    38750    2    25292    
1024    76417    2    43667    
2048    157083    2    86750    
4096    309917    2    172541    
8192    628667    2    393417    
16384    1.24125e+06    4    786209    
32768    2.48158e+06    2    1.37892e+06    
65536    4.96733e+06    2    2.76521e+06    
131072    1.02212e+07    3    1.58658e+06    
262144    2.36106e+07    2    1.10934e+07    
524288    7.60985e+07    2    6.33767e+06    
