32    3375    2    1875    
64    5709    2    3667    
128    10375    2    6667    
256    20000    2    11291    
512    37500    2    22083    
1024    80167    2    49709    
2048    155750    3    24916    
4096    317958    2    49542    
8192    632084    2    344542    
16384    1.26454e+06    2    805250    
32768    2.50196e+06    4    1.38179e+06    
65536    5.03729e+06    2    792375    
131072    1.03185e+07    2    5.4995e+06    
262144    2.38259e+07    2    1.10665e+07    
524288    6.74427e+07    2    6.33883e+06    
1.04858e+06    1.77894e+08    2    4.48385e+07    
2.09715e+06    3.98189e+08    2    2.58211e+07    
4.1943e+06    8.85588e+08    2    5.09508e+07    
8.38861e+06    1.70174e+09    2    1.02153e+08    
