32    417    6    41    
64    500    5    84    
128    1000    3    125    
256    1958    2    292    
512    3875    2    500    
1024    11750    2    1000    
2048    18292    2    1916    
4096    34500    2    3833    
8192    71333    3    7709    
16384    182583    2    17625    
32768    291625    2    36125    
65536    567625    2    60917    
131072    1.46779e+06    3    136417    
262144    4.62508e+06    5    247500    
524288    1.38548e+07    3    506750    
1.04858e+06    3.09172e+07    2    981167    
2.09715e+06    6.16121e+07    2    2.56671e+06    
4.1943e+06    1.49083e+08    3    3.93012e+06    
8.38861e+06    3.60674e+08    3    8.03696e+06    
1.67772e+07    7.37128e+08    2    1.58653e+07    
