32    292    2    42    
64    542    3    83    
128    916    2    166    
256    1917    2    292    
512    3666    2    625    
1024    8875    3    1000    
2048    17916    5    1917    
4096    34875    3    3917    
8192    71000    2    7625    
16384    145250    2    15166    
32768    278584    4    30458    
65536    564916    3    62917    
131072    1.29521e+06    2    121917    
262144    3.38542e+06    2    243917    
524288    9.93321e+06    2    488250    
1.04858e+06    3.36097e+07    3    979625    
