32    3166    2    2042    
64    5208    2    3166    
128    12750    3    1667    
256    20000    5    3209    
512    39208    6    6250    
1024    78666    3    12417    
2048    155666    2    24792    
4096    311708    2    175083    
8192    623958    2    344833    
16384    1.24825e+06    2    691416    
32768    2.50062e+06    2    1.5795e+06    
65536    5.19792e+06    4    3.66262e+06    
131072    1.11175e+07    7    8.83817e+06    
262144    2.11067e+07    4    1.42245e+07    
524288    5.04635e+07    2    2.52564e+07    
1.04858e+06    1.31407e+08    2    4.49249e+07    
2.09715e+06    3.08375e+08    2    9.00588e+07    
4.1943e+06    8.32314e+08    2    2.04546e+08    
8.38861e+06    1.72188e+09    3    1.03063e+08    
