32    3084    2    2083    
64    5166    2    916    
128    10291    2    5917    
256    19625    2    12791    
512    38708    2    25042    
1024    78750    2    43917    
2048    158875    3    24833    
4096    309583    5    49542    
8192    680667    3    104334    
16384    1.24629e+06    2    708958    
32768    2.49617e+06    2    1.43212e+06    
65536    5.17958e+06    2    3.31979e+06    
131072    1.32408e+07    4    6.47442e+06    
262144    2.59342e+07    2    1.10776e+07    
524288    5.4634e+07    2    2.23798e+07    
