32    625    2    83    
64    750    2    83    
128    958    2    125    
256    2708    2    250    
512    4417    3    541    
1024    10792    2    959    
2048    21917    2    1875    
4096    34959    3    3792    
8192    71125    2    7583    
16384    139834    2    15250    
32768    279167    4    30500    
65536    576375    3    61541    
131072    1.26671e+06    2    122041    
262144    3.39538e+06    2    244334    
524288    9.03329e+06    3    488542    
1.04858e+06    3.48989e+07    4    978625    
