32    417    2    41    
64    541    2    83    
128    1042    4    125    
256    1833    8    250    
512    3916    5    459    
1024    8042    3    1000    
2048    17125    2    2000    
4096    37125    2    3791    
8192    69625    2    7625    
16384    141375    4    15209    
32768    280542    3    31417    
65536    630750    2    61084    
131072    1.36496e+06    2    125625    
262144    4.01183e+06    2    244084    
524288    1.02245e+07    2    492750    
1.04858e+06    3.77426e+07    2    1.00517e+06    
