32    541    2    42    
64    667    2    83    
128    2000    2    166    
256    2125    2    291    
512    4625    2    500    
1024    14166    2    1000    
2048    23333    3    1958    
4096    47333    2    3833    
8192    72584    2    8250    
16384    179541    2    15750    
32768    336083    3    30500    
65536    624459    2    61542    
131072    1.47808e+06    2    128208    
262144    3.911e+06    4    246625    
524288    1.06833e+07    2    487500    
1.04858e+06    2.77645e+07    2    975500    
