32    333    2    83    
64    625    2    83    
128    958    3    125    
256    1833    2    250    
512    3709    2    500    
1024    8000    2    958    
2048    16750    4    1917    
4096    35000    7    3875    
8192    72667    8    7625    
16384    138166    4    16209    
32768    308417    2    30625    
65536    627625    2    61208    
131072    1.59967e+06    2    122042    
262144    3.51833e+06    3    243833    
524288    1.04208e+07    2    488333    
1.04858e+06    3.13791e+07    2    983375    
