32    3084    3    584    
64    5417    3    917    
128    10333    2    6208    
256    20042    2    11375    
512    38916    2    6292    
1024    81250    2    43917    
2048    163542    2    86709    
4096    310333    2    172791    
8192    621500    2    344625    
16384    1.23942e+06    3    198084    
32768    2.48e+06    2    1.37962e+06    
65536    5.01788e+06    2    3.16021e+06    
131072    1.00908e+07    2    5.70417e+06    
262144    2.50487e+07    2    1.26236e+07    
524288    6.41469e+07    3    2.5235e+07    
