32    2958    2    1750    
64    5208    2    917    
128    10083    2    1791    
256    19959    2    3208    
512    39750    3    6458    
1024    82834    2    12875    
2048    160167    2    24791    
4096    308208    2    173250    
8192    619000    2    344625    
16384    1.24008e+06    3    198083    
32768    2.48283e+06    4    396375    
65536    4.96908e+06    2    792000    
131072    1.15104e+07    2    5.50138e+06    
262144    2.23495e+07    3    1.10662e+07    
524288    7.11571e+07    2    2.2178e+07    
