32    334    3    84    
64    9750    2    125    
128    1000    2    125    
256    1875    3    250    
512    4208    4    500    
1024    9000    2    1000    
2048    18417    2    2000    
4096    35709    3    3916    
8192    72958    2    8125    
16384    171125    2    15250    
32768    325250    3    30500    
65536    622666    2    60917    
131072    1.32688e+06    2    122292    
262144    4.08267e+06    4    253500    
524288    1.04228e+07    2    494917    
1.04858e+06    2.86648e+07    2    977500    
