32    4708    2    2042    
64    5083    4    3625    
128    10125    2    6666    
256    19292    2    11333    
512    39041    3    6292    
1024    77667    2    12458    
2048    157041    2    86375    
4096    314667    2    172542    
8192    631792    2    344583    
16384    1.25871e+06    2    692000    
32768    2.52967e+06    3    1.38317e+06    
65536    4.978e+06    3    2.76104e+06    
131072    1.00735e+07    2    1.58433e+06    
262144    3.1441e+07    2    3.17033e+06    
524288    5.49208e+07    4    6.33938e+06    
