32    250    3    84    
64    625    4    83    
128    958    2    166    
256    1958    2    250    
512    3750    2    500    
1024    8375    3    958    
2048    18333    2    1917    
4096    35292    2    3834    
8192    68916    2    7583    
16384    138417    2    15208    
32768    279416    2    30542    
65536    569208    2    60959    
131072    1.34483e+06    2    121917    
262144    3.89658e+06    2    244292    
524288    1.0449e+07    3    487916    
1.04858e+06    3.60676e+07    5    981583    
