32    3083    2    2000    
64    5084    2    3208    
128    12041    2    1750    
256    19292    3    11958    
512    40542    5    35375    
1024    79875    3    57583    
2048    156166    2    86584    
4096    311625    2    177708    
8192    716958    2    346042    
16384    1.26796e+06    2    813000    
32768    2.52692e+06    2    1.49796e+06    
65536    7.20608e+06    2    3.27929e+06    
131072    1.28873e+07    3    1.59308e+06    
262144    3.34511e+07    2    3.17996e+06    
524288    6.6617e+07    2    2.21416e+07    
