32    2917    2    1875    
64    5333    2    3291    
128    10458    2    1708    
256    20500    2    3208    
512    38834    2    22125    
1024    77083    2    49750    
2048    164291    2    86708    
4096    330875    3    197000    
8192    618625    2    347750    
16384    1.24225e+06    2    786375    
32768    2.52196e+06    2    1.37704e+06    
65536    5.03792e+06    2    2.81471e+06    
131072    1.01713e+07    3    6.38067e+06    
262144    2.37048e+07    2    1.27657e+07    
524288    7.26695e+07    2    2.22998e+07    
