32    2916    2    1917    
64    5292    2    3375    
128    9917    2    5959    
256    19583    3    12917    
512    38333    5    25417    
1024    77625    3    12500    
2048    153875    2    24875    
4096    311750    2    49542    
8192    620833    3    105375    
16384    1.23967e+06    2    802541    
32768    2.49454e+06    2    1.41054e+06    
65536    4.97683e+06    2    2.76733e+06    
131072    1.00772e+07    3    5.53379e+06    
262144    2.55925e+07    5    1.42182e+07    
524288    5.85582e+07    5    3.16923e+07    
