32    2958    2    1959    
64    5375    2    3417    
128    10250    3    6709    
256    20833    5    17458    
512    39209    9    49625    
1024    77875    5    62541    
2048    158125    3    101917    
4096    309083    2    175334    
8192    622667    2    347083    
16384    1.23758e+06    2    688125    
32768    2.52288e+06    2    1.38262e+06    
65536    5.13029e+06    2    2.78183e+06    
131072    1.2347e+07    2    6.3775e+06    
262144    2.95682e+07    2    1.11153e+07    
524288    7.22273e+07    2    2.23654e+07    
