32    2916    2    667    
64    5417    4    833    
128    10208    2    5959    
256    19167    2    3292    
512    38291    3    6333    
1024    77959    2    12417    
2048    156459    2    88542    
4096    310750    2    172750    
8192    620791    3    364292    
16384    1.24746e+06    2    198042    
32768    2.49721e+06    2    1.38512e+06    
65536    5.03858e+06    2    2.76983e+06    
131072    1.02802e+07    2    1.58888e+06    
262144    2.28588e+07    2    1.14213e+07    
524288    6.97824e+07    2    2.23072e+07    
