32    667    2    83    
64    833    2    83    
128    1916    4    125    
256    1958    3    292    
512    4625    2    500    
1024    12791    2    1000    
2048    22125    4    1958    
4096    47458    3    3792    
8192    74291    2    7834    
16384    163000    2    15375    
32768    317167    2    30541    
65536    648875    3    61209    
131072    1.22212e+06    2    122250    
262144    3.65762e+06    2    247959    
524288    1.05332e+07    2    488833    
1.04858e+06    3.31121e+07    2    980458    
