32    3291    2    2208    
64    5125    4    875    
128    10166    3    1750    
256    19792    2    11375    
512    38875    2    22167    
1024    76541    2    43708    
2048    155917    2    86875    
4096    308958    2    172750    
8192    614500    2    344792    
16384    1.23967e+06    2    198125    
32768    2.47738e+06    4    396042    
65536    4.97758e+06    2    798208    
131072    1.10681e+07    2    5.70575e+06    
262144    2.74987e+07    2    1.10718e+07    
524288    6.2903e+07    3    2.21233e+07    
