32    375    3    83    
64    500    2    84    
128    1042    2    167    
256    1959    2    250    
512    3708    2    500    
1024    8416    3    1000    
2048    17375    6    1959    
4096    34334    12    3833    
8192    70000    7    7833    
16384    143875    4    15209    
32768    282542    2    30625    
65536    587625    2    61667    
131072    1.33458e+06    2    122208    
262144    5.24725e+06    2    244042    
524288    1.02279e+07    2    488750    
1.04858e+06    3.89768e+07    3    1.01067e+06    
