32    3125    5    625    
64    5416    9    875    
128    10042    18    1791    
256    20041    22    3250    
512    39750    11    6292    
1024    80625    6    12834    
2048    158708    3    24875    
4096    310417    2    172667    
8192    620541    2    344917    
16384    1.23742e+06    2    693334    
32768    2.48308e+06    3    1.58071e+06    
65536    4.98062e+06    3    3.15721e+06    
131072    1.00598e+07    2    5.83092e+06    
262144    2.19065e+07    2    1.10459e+07    
524288    6.42477e+07    3    2.21237e+07    
