32    3125    2    1959    
64    5250    2    3208    
128    10333    3    6667    
256    19708    2    12875    
512    38500    2    25208    
1024    77000    4    62250    
2048    154500    3    114542    
4096    311958    2    172625    
8192    619167    2    393375    
16384    1.27112e+06    2    835625    
32768    2.8045e+06    2    1.57683e+06    
65536    5.07346e+06    2    2.83462e+06    
131072    1.02461e+07    3    6.3815e+06    
262144    3.01132e+07    2    1.11656e+07    
524288    9.43919e+07    2    2.59955e+07    
