32    3166    5    542    
64    5167    10    875    
128    9541    5    1625    
256    20166    3    3167    
512    45375    2    28209    
1024    78000    2    12500    
2048    160375    4    24917    
4096    314042    2    197375    
8192    653750    2    355417    
16384    1.24496e+06    3    198125    
32768    2.48217e+06    2    1.38046e+06    
65536    4.96042e+06    2    2.76325e+06    
131072    1.129e+07    3    7.33396e+06    
262144    2.79086e+07    2    1.10478e+07    
524288    7.5395e+07    2    2.2188e+07    
