32    334    2    83    
64    666    2    83    
128    1833    2    167    
256    2291    2    250    
512    10833    2    542    
1024    9834    2    1000    
2048    22042    3    2042    
4096    39500    2    3916    
8192    71458    2    7833    
16384    143375    2    15250    
32768    294292    2    30500    
65536    571250    2    61042    
131072    1.41642e+06    3    122042    
262144    3.78017e+06    2    247375    
524288    1.08461e+07    2    489292    
1.04858e+06    3.38524e+07    2    986834    
