32    3125    2    2333    
64    5250    4    4250    
128    10167    8    12708    
256    19667    4    15959    
512    38791    2    24917    
1024    78208    2    43708    
2048    160750    2    86500    
4096    319875    2    172583    
8192    619958    2    405458    
16384    1.31288e+06    3    709209    
32768    2.61483e+06    2    1.44096e+06    
65536    5.25429e+06    2    2.78025e+06    
131072    1.04044e+07    2    5.80404e+06    
262144    2.39503e+07    2    3.24208e+06    
524288    8.91702e+07    3    6.40775e+06    
