32    3042    2    1917    
64    5208    3    875    
128    10000    4    1792    
256    19500    3    12834    
512    39959    2    22042    
1024    77167    2    12542    
2048    154250    3    25000    
4096    313500    2    172667    
8192    619375    2    344917    
16384    1.44512e+06    2    689292    
32768    2.57588e+06    3    1.59038e+06    
65536    5.044e+06    3    3.22188e+06    
131072    1.0288e+07    2    5.59096e+06    
262144    2.17805e+07    2    1.32072e+07    
524288    7.52142e+07    3    2.8967e+07    
