32    333    7    42    
64    500    4    83    
128    959    2    166    
256    1833    2    250    
512    3708    3    500    
1024    8625    5    1000    
2048    19500    4    2000    
4096    35542    2    3917    
8192    72250    2    7791    
16384    151375    2    16750    
32768    323417    2    30667    
65536    590916    2    60958    
131072    1.22346e+06    2    122042    
262144    3.50679e+06    2    244917    
524288    1.04442e+07    2    489708    
1.04858e+06    3.9586e+07    2    978125    
