32    375    3    84    
64    458    2    84    
128    1083    2    166    
256    1917    3    292    
512    3750    2    500    
1024    8333    2    959    
2048    16958    2    1916    
4096    35042    2    3750    
8192    70958    2    7625    
16384    141958    2    15250    
32768    278750    2    30583    
65536    555583    3    62875    
131072    1.40875e+06    6    123416    
262144    3.14729e+06    4    243958    
524288    8.78888e+06    2    492208    
1.04858e+06    2.51458e+07    2    992541    
