32    3167    2    1833    
64    5125    2    3084    
128    10208    2    6041    
256    19250    2    11250    
512    38667    2    22000    
1024    79459    2    49583    
2048    155625    2    86709    
4096    311208    3    197083    
8192    620750    2    344666    
16384    1.242e+06    2    691708    
32768    2.49929e+06    2    1.57538e+06    
65536    4.98879e+06    2    3.25133e+06    
131072    1.08255e+07    4    5.525e+06    
262144    2.37422e+07    3    1.10181e+07    
524288    5.82182e+07    2    6.38529e+06    
