32    375    2    41    
64    583    2    84    
128    1084    4    166    
256    1917    3    250    
512    3750    2    500    
1024    8416    2    1042    
2048    19375    4    1916    
4096    34500    3    4041    
8192    72000    2    7625    
16384    143667    2    15250    
32768    283083    2    31416    
65536    602084    3    61417    
131072    1.35296e+06    2    127625    
262144    3.80308e+06    2    245042    
524288    1.0583e+07    2    504667    
1.04858e+06    3.37455e+07    2    982042    
