32    2917    8    541    
64    5417    5    875    
128    10292    3    1625    
256    19916    2    11334    
512    39958    2    25125    
1024    79458    3    12917    
2048    161042    2    86625    
4096    308833    2    49583    
8192    618125    2    345375    
16384    1.238e+06    2    689334    
32768    2.50112e+06    2    1.57492e+06    
65536    4.983e+06    2    2.77362e+06    
131072    1.0218e+07    2    1.64546e+06    
262144    2.11819e+07    2    1.108e+07    
524288    7.30908e+07    2    2.208e+07    
