32    416    4    42    
64    584    3    83    
128    916    2    125    
256    1875    2    250    
512    3625    2    500    
1024    8458    3    958    
2048    17167    5    1917    
4096    34667    5    3834    
8192    83250    3    7625    
16384    142208    2    15750    
32768    302583    2    31458    
65536    659458    3    61000    
131072    1.39875e+06    2    129417    
262144    4.39288e+06    2    245833    
524288    1.10101e+07    3    489417    
1.04858e+06    3.26348e+07    2    979208    
