32    2958    2    5625    
64    5291    2    3500    
128    9916    4    1625    
256    20041    2    11459    
512    38750    2    6375    
1024    77458    2    12458    
2048    154709    2    86625    
4096    314042    2    175541    
8192    618292    2    345083    
16384    1.23271e+06    2    689500    
32768    2.49662e+06    2    1.58238e+06    
65536    5.01912e+06    4    800334    
131072    1.011e+07    2    1.59346e+06    
262144    2.11091e+07    2    1.10742e+07    
524288    5.8817e+07    2    2.21815e+07    
