32    333    3    
64    542    2    
128    1166    2    
256    1958    3    
512    3709    2    
1024    8958    2    
2048    17709    2    
4096    35625    3    
8192    76292    3    
16384    148500    2    
32768    288375    2    
65536    796542    2    
131072    1.35771e+06    2    
262144    3.58579e+06    3    
524288    1.03452e+07    2    
1.04858e+06    2.80835e+07    2    
2.09715e+06    7.47456e+07    4    
4.1943e+06    1.71469e+08    5    
8.38861e+06    3.54976e+08    3    
1.67772e+07    7.19757e+08    2    
