32    3041    2    1916    
64    5542    2    917    
128    10459    3    1708    
256    20167    2    11708    
512    39708    2    22834    
1024    81541    3    12917    
2048    161625    2    92292    
4096    334042    2    52750    
8192    661833    2    105333    
16384    1.35354e+06    2    710250    
32768    2.91204e+06    2    1.38896e+06    
65536    5.49254e+06    2    2.76908e+06    
131072    1.01487e+07    2    5.54817e+06    
262144    2.26766e+07    2    1.10696e+07    
524288    6.89122e+07    2    2.21282e+07    
