32    3083    3    542    
64    5167    2    875    
128    10084    2    6000    
256    19959    3    11333    
512    38417    2    24917    
1024    77333    2    43625    
2048    161625    2    86500    
4096    311375    2    175583    
8192    628667    2    345083    
16384    1.24383e+06    2    198333    
32768    2.47992e+06    2    396042    
65536    5.45062e+06    2    2.77129e+06    
131072    1.0045e+07    2    5.54208e+06    
262144    2.1961e+07    2    1.13188e+07    
524288    6.18646e+07    2    6.33754e+06    
