32    292    2    83    
64    500    2    83    
128    917    2    125    
256    1875    2    250    
512    3750    2    459    
1024    8667    2    1000    
2048    17042    2    1917    
4096    34583    4    4000    
8192    70334    4    8458    
16384    164125    2    15334    
32768    316083    2    30500    
65536    615375    2    65583    
131072    1.2625e+06    2    125833    
262144    4.16175e+06    4    247083    
524288    9.94596e+06    7    492333    
1.04858e+06    2.40632e+07    14    981125    
