32    3000    2    2334    
64    5375    2    3292    
128    10333    2    6750    
256    20833    2    11709    
512    39458    2    25916    
1024    82750    2    44959    
2048    162625    2    89292    
4096    328959    2    178167    
8192    670416    2    405625    
16384    1.3065e+06    3    836417    
32768    2.65996e+06    2    1.38029e+06    
65536    5.03192e+06    2    2.76667e+06    
131072    1.01224e+07    2    1.58458e+06    
262144    2.28493e+07    3    3.29479e+06    
524288    6.63354e+07    5    6.33854e+06    
1.04858e+06    1.60684e+08    4    1.26922e+07    
2.09715e+06    3.74765e+08    2    1.0301e+08    
4.1943e+06    7.30646e+08    2    1.78862e+08    
8.38861e+06    1.53551e+09    2    1.021e+08    
