32    583    2    42    
64    500    2    83    
128    917    2    125    
256    2208    2    250    
512    4250    2    500    
1024    10083    2    1000    
2048    20333    3    1916    
4096    34625    2    3917    
8192    72208    2    7625    
16384    142958    2    15791    
32768    298958    2    30458    
65536    567041    2    60958    
131072    1.36958e+06    3    124542    
262144    3.86062e+06    2    247166    
524288    9.74792e+06    2    492250    
1.04858e+06    3.31264e+07    2    1.00883e+06    
