32    375    9    41    
64    459    5    83    
128    959    3    125    
256    1916    2    250    
512    3583    2    500    
1024    8250    2    958    
2048    16917    2    1916    
4096    33792    2    3791    
8192    67875    2    8042    
16384    179625    2    15375    
32768    349833    2    30500    
65536    700291    2    61084    
131072    1.42621e+06    2    122000    
262144    3.18446e+06    2    253375    
524288    1.14302e+07    2    487792    
1.04858e+06    3.28935e+07    2    1.02742e+06    
