32    333    2    84    
64    541    2    83    
128    917    3    125    
256    1833    3    250    
512    3708    2    500    
1024    8500    2    1041    
2048    20167    2    1958    
4096    39750    4    4000    
8192    77042    3    7875    
16384    150042    2    15333    
32768    284000    2    30500    
65536    589250    2    62917    
131072    1.5895e+06    4    123833    
262144    4.0975e+06    3    243875    
524288    8.84962e+06    2    490333    
1.04858e+06    2.69946e+07    2    982583    
