32    375    3    41    
64    541    2    84    
128    958    2    125    
256    1875    3    250    
512    4000    2    542    
1024    10875    2    959    
2048    18709    2    2000    
4096    39334    2    3917    
8192    83250    2    7834    
16384    166833    2    15375    
32768    315292    2    30500    
65536    652250    2    62958    
131072    1.65383e+06    2    121917    
262144    4.48746e+06    2    252042    
524288    1.09241e+07    2    489875    
1.04858e+06    3.35408e+07    2    983000    
