32    3000    2    1833    
64    5167    2    3167    
128    10167    3    7458    
256    19458    3    12792    
512    39291    2    22334    
1024    78250    2    43708    
2048    154667    2    86417    
4096    311084    2    179667    
8192    634625    2    128792    
16384    1.39758e+06    2    688417    
32768    2.93204e+06    3    1.64988e+06    
65536    6.96983e+06    4    794708    
131072    1.23008e+07    2    1.61692e+06    
262144    2.34041e+07    2    1.11928e+07    
524288    6.72772e+07    2    6.45446e+06    
