32    3083    2    2000    
64    5458    2    3209    
128    10542    2    6834    
256    24250    2    13208    
512    39625    2    22750    
1024    87625    2    46333    
2048    167791    2    25625    
4096    320250    2    178333    
8192    640167    2    405458    
16384    1.28954e+06    2    722292    
32768    2.56175e+06    2    408208    
65536    5.00571e+06    2    794709    
131072    1.00895e+07    3    1.59179e+06    
262144    2.90448e+07    5    3.1845e+06    
524288    6.79465e+07    3    6.37183e+06    
