32    208    2    83    
64    583    2    84    
128    958    2    125    
256    1958    3    250    
512    3709    4    500    
1024    8542    2    958    
2048    18166    2    1958    
4096    34958    2    4042    
8192    73459    2    7833    
16384    147333    2    15292    
32768    302125    2    30458    
65536    593875    2    63125    
131072    1.62154e+06    2    122166    
262144    3.7125e+06    2    243791    
524288    1.01012e+07    2    489083    
1.04858e+06    3.85178e+07    2    979375    
