32    3000    1    2000    
64    5334    2    917    
128    9959    4    1792    
256    19875    5    3209    
512    39208    3    6250    
1024    79042    2    43583    
2048    153542    2    98667    
4096    310833    4    221834    
8192    622125    8    99209    
16384    1.23929e+06    5    198041    
32768    2.49471e+06    3    408125    
65536    5.25562e+06    2    2.84983e+06    
131072    1.36679e+07    2    6.31171e+06    
262144    2.32984e+07    3    1.13701e+07    
524288    6.17382e+07    2    2.51673e+07    
