32    3166    3    500    
64    5375    5    917    
128    10334    6    1709    
256    20250    3    3167    
512    38792    2    22042    
1024    76625    2    43459    
2048    153041    2    24916    
4096    308833    3    52375    
8192    654708    6    99042    
16384    1.24167e+06    12    198042    
32768    2.54571e+06    12    396167    
65536    5.03129e+06    6    807917    
131072    1.0163e+07    3    7.18946e+06    
262144    2.05468e+07    2    1.2853e+07    
524288    4.21743e+07    2    2.52466e+07    
