32    334    2    83    
64    500    2    83    
128    917    2    125    
256    1958    2    250    
512    3792    2    500    
1024    8042    2    958    
2048    19750    2    1917    
4096    36708    2    3792    
8192    70209    2    7625    
16384    143167    2    16333    
32768    296292    2    31541    
65536    570958    3    62459    
131072    1.17571e+06    2    122042    
262144    3.31746e+06    2    244084    
524288    1.00282e+07    2    504000    
1.04858e+06    3.35468e+07    3    1.01092e+06    
