32    2958    4    500    
64    5167    2    3584    
128    10125    2    5833    
256    19709    2    11250    
512    38375    2    22334    
1024    78917    2    43541    
2048    156000    2    86625    
4096    312209    2    172708    
8192    619583    2    344708    
16384    1.23729e+06    2    828958    
32768    2.70738e+06    2    1.58017e+06    
65536    5.00479e+06    3    3.55654e+06    
131072    1.01792e+07    4    6.32938e+06    
262144    2.13837e+07    2    1.26158e+07    
524288    5.71585e+07    2    2.2133e+07    
