32    3083    2    2041    
64    5333    2    3375    
128    10208    2    7042    
256    20542    2    11333    
512    39083    2    22042    
1024    81125    2    43625    
2048    157375    2    24875    
4096    312833    2    49750    
8192    636834    4    99000    
16384    1.2385e+06    3    198041    
32768    2.48192e+06    2    1.37967e+06    
65536    5.11062e+06    2    792042    
131072    1.06785e+07    2    5.53662e+06    
262144    2.5388e+07    2    3.19088e+06    
524288    6.96309e+07    4    2.62982e+07    
