32    875    2    41    
64    458    2    125    
128    1958    2    125    
256    2333    4    292    
512    10791    4    500    
1024    10042    2    958    
2048    21208    2    1916    
4096    36917    2    3834    
8192    69334    2    7667    
16384    138291    2    16000    
32768    307834    2    30542    
65536    579041    3    61125    
131072    1.19529e+06    3    124625    
262144    3.37196e+06    2    244208    
524288    7.68921e+06    2    491875    
1.04858e+06    3.12062e+07    2    984209    
