32    3167    4    500    
64    5125    2    3459    
128    10375    2    5959    
256    19667    2    11541    
512    38625    2    22292    
1024    78916    2    49625    
2048    155709    2    24875    
4096    312208    2    172792    
8192    622917    3    393625    
16384    1.24071e+06    6    1.09254e+06    
32768    2.47358e+06    5    2.00088e+06    
65536    5.13483e+06    3    3.16617e+06    
131072    1.01122e+07    2    5.55692e+06    
262144    2.06052e+07    2    1.26335e+07    
524288    5.15601e+07    3    6.35575e+06    
