32    3083    2    1917    
64    5042    2    3292    
128    10291    3    6791    
256    19584    6    17417    
512    38541    11    56042    
1024    77958    11    118916    
2048    155333    6    136708    
4096    307792    3    222000    
8192    621417    2    345042    
16384    1.24904e+06    2    800541    
32768    2.48733e+06    2    1.457e+06    
65536    5.01438e+06    2    2.76338e+06    
131072    1.0647e+07    2    5.70462e+06    
262144    2.57163e+07    2    1.11079e+07    
524288    6.52236e+07    2    6.49371e+06    
