32    3041    2    1750    
64    5375    2    3541    
128    10125    2    5916    
256    19584    2    3209    
512    38042    2    22083    
1024    78791    3    12500    
2048    156959    5    24875    
4096    310166    6    49542    
8192    621250    3    443084    
16384    1.23429e+06    2    831375    
32768    2.60512e+06    2    1.59771e+06    
65536    5.02158e+06    3    2.765e+06    
131072    1.01476e+07    2    5.52583e+06    
262144    2.11137e+07    2    1.11517e+07    
524288    5.11161e+07    2    6.35804e+06    
