32    2875    2    2000    
64    5209    2    3125    
128    10292    2    6000    
256    19875    2    11458    
512    38500    2    26458    
1024    82292    2    43791    
2048    167500    2    89000    
4096    332417    3    49709    
8192    653084    2    106416    
16384    1.27142e+06    2    738167    
32768    2.57329e+06    3    1.42512e+06    
65536    5.8465e+06    2    2.7925e+06    
131072    1.27137e+07    2    6.39512e+06    
262144    2.40821e+07    3    3.16825e+06    
524288    9.2491e+07    5    6.44675e+06    
