32    5959    6    750    
64    5166    11    875    
128    10292    17    1625    
256    19583    9    3167    
512    38833    5    6292    
1024    77375    3    49583    
2048    155041    2    99000    
4096    317584    2    196958    
8192    625125    4    496667    
16384    1.257e+06    4    885708    
32768    2.47804e+06    2    1.383e+06    
65536    4.99238e+06    2    2.76246e+06    
131072    1.0202e+07    3    6.57971e+06    
262144    2.30061e+07    2    1.26976e+07    
524288    7.12535e+07    2    2.21413e+07    
