32    3167    2    2333    
64    5250    2    3709    
128    10250    2    6667    
256    19792    3    3291    
512    38708    6    6417    
1024    78625    12    12500    
2048    155833    15    24875    
4096    310791    8    49625    
8192    622458    4    99125    
16384    1.24479e+06    2    786041    
32768    2.50283e+06    2    1.36804e+06    
65536    5.02058e+06    3    3.30329e+06    
131072    1.0361e+07    2    6.36558e+06    
262144    2.36772e+07    2    1.10583e+07    
524288    5.21306e+07    3    2.52412e+07    
