32    3000    2    583    
64    5417    3    917    
128    10125    3    1625    
256    19333    2    11417    
512    38625    2    22083    
1024    79250    2    43541    
2048    157875    4    111541    
4096    311250    2    173459    
8192    640875    2    345083    
16384    1.23508e+06    2    692459    
32768    2.47854e+06    2    1.38304e+06    
65536    4.96304e+06    2    794875    
131072    1.01022e+07    2    5.54067e+06    
262144    2.27648e+07    3    1.26233e+07    
524288    7.11892e+07    2    2.23287e+07    
