32    333    3    83    
64    500    2    83    
128    1166    2    167    
256    1792    2    250    
512    11000    2    542    
1024    8625    2    958    
2048    17417    2    1875    
4096    34875    2    3791    
8192    70041    3    7667    
16384    146125    2    15208    
32768    292750    2    30500    
65536    568666    4    60958    
131072    1.24612e+06    5    121833    
262144    3.41079e+06    3    244625    
524288    9.02021e+06    2    490584    
1.04858e+06    2.8282e+07    2    984792    
