32    667    2    41    
64    458    2    83    
128    1459    2    167    
256    1833    2    250    
512    4416    4    500    
1024    9375    2    958    
2048    19000    2    1875    
4096    35041    3    4084    
8192    74000    2    7875    
16384    157000    2    16125    
32768    296042    3    30500    
65536    586250    2    62958    
131072    1.49683e+06    2    127834    
262144    4.98088e+06    3    251500    
524288    1.45904e+07    2    488375    
1.04858e+06    3.16976e+07    2    1.01833e+06    
