32    3042    4    2500    
64    5166    3    3500    
128    10042    2    5916    
256    20042    2    3250    
512    38709    2    22167    
1024    77375    2    43500    
2048    160042    4    24917    
4096    308875    7    49583    
8192    618042    7    99042    
16384    1.24379e+06    4    200833    
32768    2.47888e+06    2    396375    
65536    5.06012e+06    2    2.76454e+06    
131072    1.2639e+07    3    5.54742e+06    
262144    2.78075e+07    4    3.16758e+06    
524288    7.07953e+07    2    6.34304e+06    
