32    375    2    42    
64    583    2    84    
128    917    4    167    
256    1833    3    250    
512    3583    2    500    
1024    10125    2    959    
2048    18791    2    1916    
4096    40542    2    3792    
8192    77791    2    7625    
16384    154375    3    15250    
32768    321292    4    30542    
65536    619709    2    62959    
131072    1.45121e+06    2    121833    
262144    3.04075e+06    2    245291    
524288    9.56054e+06    3    498625    
1.04858e+06    3.49247e+07    2    977750    
