32    2917    2    2042    
64    5417    2    3416    
128    10458    2    6042    
256    20125    2    3209    
512    39042    3    22208    
1024    76667    2    43542    
2048    155500    2    86792    
4096    338583    2    202250    
8192    698083    2    113916    
16384    1.38221e+06    3    204209    
32768    2.492e+06    4    396167    
65536    5.00329e+06    2    792125    
131072    1.07657e+07    2    5.71479e+06    
262144    2.73e+07    2    1.10181e+07    
524288    7.88556e+07    2    2.21638e+07    
