32    3083    4    500    
64    5250    7    916    
128    11291    5    1708    
256    21000    3    3250    
512    40375    2    22917    
1024    80708    2    45208    
2048    162917    3    101792    
4096    343375    2    172958    
8192    633500    2    393667    
16384    1.27683e+06    2    697833    
32768    2.65883e+06    3    1.38454e+06    
65536    5.0595e+06    2    2.76742e+06    
131072    1.17251e+07    2    5.55604e+06    
262144    2.13796e+07    2    1.10715e+07    
524288    6.21956e+07    3    2.21205e+07    
