32    3084    2    2000    
64    5375    2    3459    
128    10542    2    6208    
256    20333    2    3250    
512    39000    3    25208    
1024    79750    3    44917    
2048    159083    2    86875    
4096    309416    2    178000    
8192    686375    2    353875    
16384    1.27425e+06    2    690417    
32768    2.49954e+06    3    1.39038e+06    
65536    5.04012e+06    2    2.80146e+06    
131072    1.01734e+07    2    5.58512e+06    
262144    2.74132e+07    4    1.28302e+07    
524288    9.30419e+07    3    2.55238e+07    
