32    333    2    41    
64    458    2    84    
128    917    2    125    
256    1791    2    291    
512    3583    2    500    
1024    8458    3    958    
2048    17000    2    1917    
4096    34833    2    3792    
8192    70417    2    7625    
16384    142709    2    15208    
32768    297916    2    30542    
65536    565917    3    60958    
131072    1.22242e+06    2    124458    
262144    4.10121e+06    2    246125    
524288    8.59925e+06    3    508834    
1.04858e+06    3.19225e+07    2    978250    
