32    3292    3    1916    
64    5333    2    3334    
128    10500    2    6000    
256    20709    2    11667    
512    40500    2    23500    
1024    105250    2    61000    
2048    188583    3    89333    
4096    323500    2    178250    
8192    639792    2    405416    
16384    1.30271e+06    2    813583    
32768    2.56042e+06    4    406791    
65536    5.02933e+06    2    3.15704e+06    
131072    1.01915e+07    2    5.84208e+06    
262144    2.36588e+07    3    1.10844e+07    
524288    9.69159e+07    2    2.2645e+07    
