32    3208    5    542    
64    5375    3    917    
128    10541    2    6125    
256    20791    2    3583    
512    39166    2    22208    
1024    80667    2    43708    
2048    162958    2    24875    
4096    310625    3    172875    
8192    619209    2    344875    
16384    1.24108e+06    2    688000    
32768    2.47325e+06    2    1.37646e+06    
65536    5.02367e+06    2    2.76912e+06    
131072    1.31294e+07    4    1.58842e+06    
262144    2.17253e+07    5    3.17012e+06    
524288    6.2738e+07    3    6.57567e+06    
