32    2916    3    2292    
64    5250    2    3375    
128    10334    2    6208    
256    20375    2    11333    
512    39417    2    22125    
1024    77542    2    43500    
2048    154458    2    86709    
4096    310916    2    172459    
8192    620375    2    344542    
16384    1.32567e+06    3    833166    
32768    2.71817e+06    2    1.38279e+06    
65536    4.99029e+06    2    3.17696e+06    
131072    1.00995e+07    2    6.31129e+06    
262144    2.12087e+07    2    1.10633e+07    
524288    6.5109e+07    2    2.21545e+07    
