32    250    2    
64    500    2    
128    1084    2    
256    1875    2    
512    3750    2    
1024    8542    2    
2048    17708    2    
4096    42167    3    
8192    81292    3    
16384    157917    2    
32768    351542    2    
65536    651292    4    
131072    2.00171e+06    7    
262144    3.27871e+06    4    
524288    7.28425e+06    2    
1.04858e+06    2.35832e+07    2    
2.09715e+06    7.3796e+07    2    
4.1943e+06    1.67371e+08    2    
8.38861e+06    3.48209e+08    4    
1.67772e+07    7.10662e+08    4    
