32    375    2    84    
64    542    3    83    
128    917    2    166    
256    1875    2    250    
512    3792    3    458    
1024    11375    3    959    
2048    21459    2    1958    
4096    41584    2    3833    
8192    83000    2    7625    
16384    170166    2    15334    
32768    330125    2    30500    
65536    612875    2    61125    
131072    1.36217e+06    3    122208    
262144    4.31883e+06    4    253916    
524288    9.23808e+06    2    488291    
1.04858e+06    2.21837e+07    2    978625    
