32    3042    2    584    
64    5125    3    917    
128    9958    2    1750    
256    19583    2    11584    
512    40166    2    22875    
1024    79208    2    51209    
2048    161167    2    86750    
4096    336625    2    197084    
8192    629084    3    393833    
16384    1.25488e+06    2    689292    
32768    2.49508e+06    2    1.419e+06    
65536    4.98662e+06    2    2.76871e+06    
131072    1.01145e+07    2    1.64229e+06    
262144    2.17313e+07    2    3.28425e+06    
524288    6.51764e+07    2    2.24788e+07    
