32    3250    2    542    
64    5584    2    916    
128    10708    2    6292    
256    20042    2    11375    
512    39625    2    21916    
1024    78916    2    12500    
2048    160834    2    24917    
4096    312041    3    49583    
8192    621500    4    344500    
16384    1.24075e+06    2    692208    
32768    2.47429e+06    2    1.42517e+06    
65536    5.18625e+06    2    2.88379e+06    
131072    1.02643e+07    3    1.60554e+06    
262144    2.4422e+07    3    1.1136e+07    
524288    5.47915e+07    2    2.21316e+07    
