32    3250    2    1875    
64    5333    2    3333    
128    10250    2    6125    
256    20666    3    11625    
512    41792    2    26625    
1024    82750    2    51041    
2048    164708    2    91417    
4096    321084    2    204625    
8192    652833    2    420917    
16384    1.31888e+06    2    786542    
32768    2.52879e+06    2    1.57633e+06    
65536    4.98971e+06    2    3.21025e+06    
131072    1.01772e+07    4    7.99238e+06    
262144    2.14561e+07    4    1.46658e+07    
524288    5.85414e+07    2    2.54223e+07    
