32    3166    2    1916    
64    5625    2    3375    
128    11000    2    6167    
256    20959    2    11292    
512    38417    2    22166    
1024    77833    2    43666    
2048    156459    2    24875    
4096    310250    3    197084    
8192    620750    2    345083    
16384    1.23971e+06    2    791666    
32768    2.48204e+06    3    396292    
65536    4.99625e+06    2    3.16046e+06    
131072    1.0042e+07    2    5.515e+06    
262144    2.21035e+07    2    1.10877e+07    
524288    6.79567e+07    2    2.52447e+07    
