32    2917    2    625    
64    5500    4    916    
128    10458    4    1625    
256    20333    2    3292    
512    39958    2    22917    
1024    78708    2    44958    
2048    162208    2    92000    
4096    321417    4    51166    
8192    635583    2    102167    
16384    1.27704e+06    2    741542    
32768    3.00412e+06    2    1.44521e+06    
65536    5.07367e+06    2    792083    
131072    1.00834e+07    3    1.58917e+06    
262144    2.27548e+07    6    3.17017e+06    
524288    6.70202e+07    5    6.54112e+06    
