32    459    3    83    
64    625    5    84    
128    1125    4    166    
256    1917    2    291    
512    4000    2    500    
1024    9167    3    1000    
2048    21333    2    2083    
4096    44583    2    3917    
8192    89125    3    7875    
16384    162208    2    15708    
32768    320458    2    30542    
65536    648958    2    60958    
131072    1.20683e+06    3    126209    
262144    3.33625e+06    2    251375    
524288    1.03983e+07    2    488042    
1.04858e+06    3.03426e+07    2    1.00496e+06    
