32    375    1    41    
64    583    2    125    
128    917    2    125    
256    1875    2    250    
512    3667    3    459    
1024    8500    5    958    
2048    17042    9    2000    
4096    37667    10    4084    
8192    78625    5    7667    
16384    139083    3    15208    
32768    276916    2    30541    
65536    599250    2    60959    
131072    1.22817e+06    2    122083    
262144    3.92729e+06    3    244208    
524288    1.14008e+07    2    488125    
1.04858e+06    3.42184e+07    2    979875    
