32    3292    2    625    
64    5208    2    3333    
128    10042    2    5917    
256    21125    2    13042    
512    38708    2    22166    
1024    82666    2    43667    
2048    162791    2    86625    
4096    336958    2    51041    
8192    666041    2    361625    
16384    1.50346e+06    3    198209    
32768    2.85004e+06    2    1.39429e+06    
65536    5.87138e+06    2    2.87029e+06    
131072    1.47444e+07    2    5.71604e+06    
262144    3.7611e+07    2    1.27767e+07    
524288    6.57896e+07    3    2.84452e+07    
