32    417    2    83    
64    458    2    83    
128    917    2    167    
256    1917    3    250    
512    3667    2    500    
1024    11459    2    959    
2048    19542    3    1917    
4096    40833    2    3834    
8192    82541    2    7542    
16384    169958    2    15250    
32768    323167    2    30500    
65536    646834    3    60958    
131072    1.38233e+06    2    122750    
262144    3.26258e+06    2    251250    
524288    1.07587e+07    2    487750    
1.04858e+06    3.35148e+07    3    982584    
