32    292    2    84    
64    500    2    42    
128    917    2    167    
256    1916    4    375    
512    3625    4    458    
1024    8334    2    958    
2048    20750    2    1875    
4096    34667    2    3834    
8192    71125    2    7625    
16384    138208    2    15208    
32768    293542    2    30666    
65536    546667    3    61042    
131072    1.16092e+06    3    122083    
262144    3.4855e+06    2    243750    
524288    7.69688e+06    2    488584    
1.04858e+06    3.27744e+07    2    989667    
