32    666    2    42    
64    792    3    125    
128    1417    2    166    
256    1916    2    250    
512    4375    2    500    
1024    13917    2    1042    
2048    28084    3    1958    
4096    40458    2    3916    
8192    81916    2    7833    
16384    158208    2    15667    
32768    300250    2    30500    
65536    567000    3    60959    
131072    1.38204e+06    2    121833    
262144    3.48717e+06    2    251167    
524288    1.03508e+07    3    487667    
1.04858e+06    3.4025e+07    3    1.03312e+06    
