32    2917    2    1875    
64    5083    2    3583    
128    10083    3    1625    
256    19167    2    3208    
512    38625    2    22125    
1024    77250    2    43625    
2048    155375    3    24916    
4096    309000    2    175292    
8192    619916    2    344500    
16384    1.23967e+06    2    688959    
32768    2.47658e+06    2    1.57567e+06    
65536    4.95742e+06    3    2.77167e+06    
131072    1.02013e+07    2    5.53046e+06    
262144    2.26121e+07    2    1.10767e+07    
524288    6.36113e+07    2    2.211e+07    
