32    375    2    0    
64    584    3    84    
128    917    3    125    
256    1875    2    250    
512    3625    2    459    
1024    8334    4    959    
2048    16959    3    1917    
4096    35916    2    4083    
8192    74833    2    7625    
16384    154417    2    15292    
32768    301292    2    31417    
65536    625083    2    61000    
131072    1.38992e+06    2    121833    
262144    3.3555e+06    2    255166    
524288    1.0823e+07    4    487834    
1.04858e+06    3.6408e+07    3    991875    
