32    2833    2    1792    
64    5166    2    3208    
128    10375    2    6250    
256    20083    2    12750    
512    38958    3    28125    
1024    82625    2    49750    
2048    156000    2    98834    
4096    311375    4    49583    
8192    623083    5    443375    
16384    1.24967e+06    3    888541    
32768    2.50662e+06    2    1.57621e+06    
65536    4.99917e+06    2    2.76571e+06    
131072    1.01326e+07    2    5.53638e+06    
262144    2.19776e+07    2    1.10645e+07    
524288    5.961e+07    2    2.25718e+07    
1.04858e+06    1.61973e+08    3    5.04811e+07    
2.09715e+06    3.92638e+08    2    9.00502e+07    
4.1943e+06    8.15406e+08    2    1.80596e+08    
8.38861e+06    1.65446e+09    2    4.1081e+08    
