32    250    2    42    
64    459    2    125    
128    917    2    167    
256    1875    2    250    
512    3583    2    500    
1024    11042    3    959    
2048    18792    2    1917    
4096    44583    2    3959    
8192    91625    3    7583    
16384    178125    4    15250    
32768    329167    2    30500    
65536    558791    2    63000    
131072    1.24812e+06    3    122000    
262144    2.94233e+06    2    244958    
524288    8.27925e+06    2    502459    
1.04858e+06    3.22056e+07    2    1.00983e+06    
