32    500    2    84    
64    625    2    83    
128    1000    2    250    
256    1958    2    250    
512    3875    2    500    
1024    8542    2    1042    
2048    17834    2    2083    
4096    37750    2    3958    
8192    75542    2    7875    
16384    144708    2    15750    
32768    297584    2    30500    
65536    575375    3    60959    
131072    1.31158e+06    2    122042    
262144    3.86367e+06    2    244833    
524288    1.0903e+07    4    504667    
1.04858e+06    3.37675e+07    2    978208    
