32    3167    2    1833    
64    5375    2    3500    
128    10292    2    6084    
256    20125    2    3250    
512    38792    4    6250    
1024    77375    7    12459    
2048    155291    4    24792    
4096    310000    2    175209    
8192    623125    2    99083    
16384    1.24412e+06    2    198166    
32768    2.47712e+06    2    402291    
65536    4.97088e+06    2    2.77142e+06    
131072    1.13556e+07    2    5.55725e+06    
262144    2.75605e+07    2    1.10667e+07    
524288    6.30291e+07    2    2.22005e+07    
