32    250    3    83    
64    500    3    125    
128    1041    2    167    
256    1875    2    250    
512    3791    2    500    
1024    9875    3    958    
2048    17708    2    2000    
4096    36542    2    3791    
8192    71458    2    8583    
16384    171959    2    15666    
32768    293125    2    30500    
65536    579833    3    60917    
131072    2.02667e+06    2    124292    
262144    4.06354e+06    2    251334    
524288    1.03459e+07    4    499666    
1.04858e+06    3.41338e+07    3    995625    
