32    625    2    42    
64    1042    2    84    
128    917    2    167    
256    2583    2    250    
512    4375    3    500    
1024    9709    5    958    
2048    18000    3    1958    
4096    34958    2    4041    
8192    71917    2    7583    
16384    141459    2    15250    
32768    280500    2    30458    
65536    581417    3    61084    
131072    1.21292e+06    2    125833    
262144    3.99612e+06    2    259875    
524288    1.03233e+07    2    506292    
1.04858e+06    3.60783e+07    2    1.01783e+06    
