32    292    3    41    
64    458    2    84    
128    917    2    125    
256    4375    3    250    
512    3917    2    500    
1024    8500    2    1000    
2048    18375    2    2083    
4096    40125    2    4166    
8192    78750    2    7667    
16384    157667    2    15292    
32768    324125    3    30500    
65536    635375    2    62833    
131072    1.41342e+06    2    121959    
262144    3.94854e+06    2    244042    
524288    9.71829e+06    2    490084    
1.04858e+06    3.80566e+07    3    1.00512e+06    
