32    333    2    42    
64    583    3    84    
128    916    5    125    
256    1833    3    250    
512    3750    2    500    
1024    8417    2    958    
2048    19375    2    1916    
4096    34375    2    3875    
8192    72250    2    7625    
16384    136875    3    15750    
32768    288916    3    31375    
65536    580125    2    60875    
131072    1.29667e+06    2    121958    
262144    3.01608e+06    2    244458    
524288    1.06839e+07    2    503167    
1.04858e+06    3.23761e+07    2    982167    
