32    250    2    42    
64    625    2    125    
128    959    2    166    
256    1833    2    250    
512    11500    2    500    
1024    10291    2    958    
2048    20167    3    2000    
4096    39458    4    3958    
8192    81167    2    8084    
16384    162458    2    15292    
32768    294208    3    30625    
65536    612458    2    60958    
131072    1.46842e+06    2    121958    
262144    3.47821e+06    3    245334    
524288    1.03525e+07    6    504833    
1.04858e+06    2.32755e+07    12    978541    
2.09715e+06    4.95167e+07    24    1.95862e+06    
4.1943e+06    1.04137e+08    18    3.92342e+06    
8.38861e+06    2.19076e+08    9    8.1045e+06    
1.67772e+07    4.65905e+08    5    1.57105e+07    
