32    375    2    84    
64    458    2    84    
128    917    3    167    
256    1833    2    292    
512    3584    2    458    
1024    8625    4    958    
2048    17625    3    1916    
4096    37208    2    3833    
8192    71750    2    7625    
16384    145292    4    15250    
32768    283417    2    30500    
65536    567500    2    61083    
131072    1.2355e+06    2    124208    
262144    3.21833e+06    2    245875    
524288    1.04202e+07    2    509500    
1.04858e+06    2.89315e+07    2    1.00738e+06    
