32    5583    2    584    
64    5250    3    3208    
128    10375    2    6625    
256    19833    2    11292    
512    38541    3    6292    
1024    77417    6    12625    
2048    154916    3    86625    
4096    311125    2    172958    
8192    624125    2    393333    
16384    1.23979e+06    2    789083    
32768    2.47817e+06    2    1.38188e+06    
65536    4.98162e+06    2    792250    
131072    1.1875e+07    2    5.54071e+06    
262144    2.15898e+07    3    3.21008e+06    
524288    7.07111e+07    2    2.2559e+07    
