32    2916    2    1958    
64    5291    2    875    
128    10166    3    1791    
256    19208    3    3166    
512    39333    2    22291    
1024    79417    2    43750    
2048    156000    3    24875    
4096    309625    3    49666    
8192    613666    2    393250    
16384    1.2405e+06    2    695666    
32768    2.50446e+06    2    1.38971e+06    
65536    4.97679e+06    2    2.769e+06    
131072    1.00825e+07    2    5.53333e+06    
262144    3.04919e+07    3    1.26273e+07    
524288    7.17387e+07    2    2.5277e+07    
