32    3209    2    2542    
64    4959    2    875    
128    10709    2    5917    
256    20500    3    3333    
512    39709    5    6500    
1024    80083    10    12500    
2048    161333    20    25541    
4096    325209    20    52750    
8192    662958    10    105625    
16384    1.31017e+06    5    204292    
32768    2.57446e+06    3    408208    
65536    5.18892e+06    2    3.26096e+06    
131072    1.00738e+07    2    5.53662e+06    
262144    2.22611e+07    2    1.15288e+07    
524288    6.06804e+07    2    2.3018e+07    
1.04858e+06    1.7099e+08    3    5.18342e+07    
2.09715e+06    3.9475e+08    2    1.02431e+08    
4.1943e+06    8.12669e+08    2    2.0398e+08    
8.38861e+06    1.64011e+09    2    3.58261e+08    
