32    375    2    41    
64    666    2    83    
128    917    2    125    
256    1833    2    250    
512    3708    4    500    
1024    8250    8    958    
2048    17000    5    2000    
4096    35833    3    3833    
8192    71500    2    7667    
16384    141333    2    15291    
32768    275459    2    30541    
65536    562541    4    62917    
131072    1.32858e+06    8    130541    
262144    2.652e+06    9    247292    
524288    6.31267e+06    5    507583    
1.04858e+06    2.28238e+07    3    978959    
