32    2833    2    584    
64    5167    2    3167    
128    10584    2    6458    
256    19875    3    3209    
512    41084    2    22875    
1024    85958    2    12917    
2048    166000    2    86541    
4096    327000    3    197000    
8192    653541    5    393459    
16384    1.35617e+06    8    213584    
32768    2.63158e+06    4    396166    
65536    5.17646e+06    2    839959    
131072    1.17941e+07    2    5.61138e+06    
262144    2.98802e+07    3    3.24075e+06    
524288    8.14413e+07    4    2.52645e+07    
