32    417    3    42    
64    625    2    83    
128    958    2    167    
256    1917    3    291    
512    3750    2    500    
1024    8583    2    1000    
2048    21875    2    2083    
4096    39042    2    3917    
8192    72667    2    7875    
16384    142416    2    15291    
32768    288208    2    30500    
65536    592833    2    60916    
131072    1.24258e+06    2    122875    
262144    4.01808e+06    3    246458    
524288    1.07101e+07    2    487708    
1.04858e+06    3.60099e+07    2    980208    
