32    625    2    42    
64    708    3    83    
128    1459    2    167    
256    2625    2    250    
512    4167    3    500    
1024    11125    6    958    
2048    21666    3    1916    
4096    40583    2    3750    
8192    70334    2    7625    
16384    150166    3    15208    
32768    291916    2    30459    
65536    583792    2    61125    
131072    1.52854e+06    3    122083    
262144    3.81796e+06    2    244209    
524288    1.10798e+07    2    489208    
1.04858e+06    3.22116e+07    2    1.00829e+06    
