32    292    2    83    
64    541    2    84    
128    916    3    167    
256    1834    5    250    
512    3667    10    500    
1024    8084    8    958    
2048    16625    4    2042    
4096    35583    2    3750    
8192    69500    2    7583    
16384    139792    3    15167    
32768    276583    5    31458    
65536    594875    5    61166    
131072    1.28579e+06    3    121958    
262144    2.69712e+06    2    252416    
524288    8.16267e+06    2    489792    
1.04858e+06    3.17166e+07    2    978042    
