32    3083    2    1833    
64    5167    2    3583    
128    9791    2    6583    
256    19583    2    12875    
512    38292    2    25042    
1024    80000    4    12542    
2048    157666    5    24750    
4096    317250    3    49666    
8192    644417    2    344708    
16384    1.24083e+06    2    705750    
32768    2.56475e+06    2    396041    
65536    5.10979e+06    2    2.83308e+06    
131072    1.30302e+07    2    5.73242e+06    
262144    3.12714e+07    2    1.11557e+07    
524288    6.76839e+07    2    2.24117e+07    
