32    5667    2    541    
64    5292    3    917    
128    10417    6    1750    
256    20542    4    3208    
512    39792    2    25292    
1024    79958    2    45125    
2048    161875    3    98583    
4096    310875    3    201708    
8192    619833    2    362833    
16384    1.23692e+06    2    786208    
32768    2.47817e+06    3    1.57292e+06    
65536    4.97975e+06    2    2.76812e+06    
131072    1.2838e+07    2    5.56112e+06    
262144    2.30308e+07    4    1.115e+07    
524288    6.88088e+07    2    6.36267e+06    
