8    0.871721    0.870851    
16    0.966387    0.965422    
32    0.955256    0.954302    
64    1.31705    1.31574    
128    18.963    18.944    
256    0.939218    0.938279    
512    0.89516    0.894266    
1024    0.766757    0.765991    
2048    0.952471    0.951519    
4096    0.987588    0.986602    
8192    0.184915    0.18473    
16384    0.90275    0.901848    
32768    150.008    149.858    
65536    0.957639    0.956683    
131072    0.865098    0.864234    
262144    0.936652    0.935716    
524288    0.850473    0.849624    
1.04858e+06    28.8027    28.774    
