8    0.861714    0.860853    
16    0.965587    0.964623    
32    2.96323    2.96027    
64    0.965335    0.964371    
128    0.908525    0.907617    
256    0.946648    0.945702    
512    0.933899    0.932966    
1024    0.93141    0.930479    
2048    0.972504    0.971533    
4096    0.863448    0.862585    
8192    554.832    554.278    
16384    0.925994    0.925068    
32768    0.884615    0.883731    
65536    1.77036    1.76859    
131072    0.698482    0.697784    
262144    23.3369    23.3136    
524288    0.902758    0.901856    
1.04858e+06    0.868849    0.867981    
