8    0.931716    0.930785    
16    0.734254    0.733521    
32    0.991378    0.990388    
64    0.925893    0.924968    
128    6.71695    6.71024    
256    0.873028    0.872156    
512    0.874059    0.873186    
1024    0.959615    0.958656    
2048    0.900196    0.899296    
4096    0.915921    0.915006    
8192    0.683255    0.682572    
16384    0.944456    0.943513    
32768    0.720332    0.719612    
65536    0.929018    0.92809    
131072    0.234832    0.234597    
262144    0.125175    0.12505    
524288    0.913532    0.91262    
1.04858e+06    0.815179    0.814364    
