8    0.945145    0.9442    
16    0.965737    0.964772    
32    0.959997    0.959038    
64    0.745018    0.744273    
128    0.938073    0.937136    
256    1.39996    1.39856    
512    2.00829    2.00629    
1024    0.956979    0.956023    
2048    0.970427    0.969457    
4096    0.905616    0.904712    
8192    0.857291    0.856435    
16384    0.950713    0.949763    
32768    0.866364    0.865499    
65536    0.977967    0.97699    
131072    0.810031    0.809222    
262144    0.955545    0.95459    
524288    0.95212    0.951169    
1.04858e+06    0.911781    0.91087    
