8    0.947961    0.947014    
16    0.266243    0.265977    
32    0.236873    0.236637    
64    0.582491    0.581909    
128    0.794407    0.793613    
256    0.541581    0.54104    
512    0.414113    0.413699    
1024    0.70622    0.705514    
2048    0.235758    0.235523    
4096    0.879416    0.878538    
8192    0.0710546    0.0709836    
16384    0    0    
32768    0    0    
65536    0    0    
131072    0    0    
262144    0    0    
524288    0    0    
1.04858e+06    0    0    
