8    0.42632    0.425894    
16    0.857833    0.856976    
32    3.34094    3.33761    
64    1.87079    1.86892    
128    0.628866    0.628238    
256    3.3084    3.3051    
512    3.42706    3.42364    
1024    2.03059    2.02857    
2048    2.46429    2.46182    
4096    3.28621    3.28293    
8192    5.96375    5.95779    
16384    6.78549    6.77871    
32768    0.992748    0.991756    
65536    4.40513    4.40073    
131072    3.74295    3.73921    
262144    2.56822    2.56565    
524288    6.048    6.04196    
