8    0.965192    0.964228    
16    1.15239    1.15124    
32    0.0961534    0.0960573    
64    0.943454    0.942512    
128    0.703577    0.702874    
256    1.06568    1.06462    
512    0.73048    0.72975    
1024    0.485148    0.484663    
2048    0.372825    0.372452    
4096    0.952211    0.95126    
8192    0.948444    0.947497    
16384    0.839707    0.838869    
32768    0.937484    0.936547    
65536    0.788525    0.787737    
131072    0.979687    0.978708    
262144    0.824773    0.823949    
524288    0.995162    0.994168    
1.04858e+06    0.839363    0.838525    
