8    0.864455    0.863591    
16    0.812195    0.811384    
32    0.878642    0.877764    
64    0.910729    0.909819    
128    0.908727    0.907819    
256    9.42154    9.41213    
512    0.75008    0.749331    
1024    0.717976    0.717259    
2048    0.85286    0.852008    
4096    0.885747    0.884862    
8192    49.0061    48.9571    
16384    0.877421    0.876544    
32768    554.832    554.278    
65536    0.941176    0.940236    
131072    0.975843    0.974868    
262144    0.95424    0.953287    
524288    0.894771    0.893878    
1.04858e+06    0.834219    0.833386    
