8    0.937318    0.936382    
16    0.697747    0.69705    
32    0.388292    0.387904    
64    0.768261    0.767494    
128    0.921722    0.920801    
256    0.922699    0.921777    
512    0.909461    0.908553    
1024    0.934961    0.934027    
2048    19.8829    19.863    
4096    0.950527    0.949578    
8192    0.0380445    0.0380065    
16384    0.988768    0.98778    
32768    0.982115    0.981134    
65536    0.914384    0.91347    
131072    1.84154    1.8397    
262144    48.2451    48.1969    
524288    0.902493    0.901592    
1.04858e+06    0.888437    0.887549    
