8    0.980164    0.979185    
16    1.62233    1.62071    
32    0.894886    0.893992    
64    32.0044    31.9724    
128    0.659097    0.658438    
256    0.953108    0.952156    
512    0.899481    0.898582    
1024    0.931846    0.930915    
2048    0.801337    0.800537    
4096    5.02693    5.02191    
8192    0.895398    0.894503    
16384    0.840573    0.839734    
32768    0.890732    0.889843    
65536    0.951116    0.950166    
131072    1.78087    1.77909    
262144    0.903307    0.902405    
524288    0.914729    0.913816    
1.04858e+06    2.63491    2.63228    
