8    0.966552    0.965586    
16    0.739337    0.738599    
32    0.959182    0.958224    
64    0.234832    0.234597    
128    0.125175    0.12505    
256    0.913532    0.91262    
512    0.815179    0.814364    
1024    0.886639    0.885753    
2048    0.875002    0.874128    
4096    0.897338    0.896442    
8192    0.751294    0.750543    
16384    0.872308    0.871436    
32768    0.965908    0.964943    
65536    2.26298    2.26072    
131072    0.900608    0.899708    
262144    0.945929    0.944984    
524288    0.0621138    0.0620518    
1.04858e+06    0.875626    0.874752    
