8    5.47696    5.47148    
16    0.103977    0.103873    
32    0.903501    0.902598    
64    5.37857    5.3732    
128    0.974878    0.973904    
256    0.926878    0.925952    
512    0.979621    0.978643    
1024    0.817199    0.816383    
2048    0.957581    0.956625    
4096    0.943807    0.942865    
8192    1.83602    1.83418    
16384    0.912709    0.911797    
32768    0.577366    0.57679    
65536    0.930043    0.929114    
131072    8.5531    8.54456    
262144    0.90923    0.908321    
524288    1.5101    1.50859    
1.04858e+06    0.979868    0.978889    
