8    0.842816    0.841974    
16    0.953047    0.952095    
32    1.77386    1.77208    
64    0.760928    0.760168    
128    0.943245    0.942303    
256    0.839573    0.838734    
512    0.96371    0.962747    
1024    0.850706    0.849856    
2048    58.9234    58.8645    
4096    0.8377    0.836864    
8192    0.947245    0.946299    
16384    0.920685    0.919765    
32768    0.947644    0.946698    
65536    0.844081    0.843237    
131072    8.50365    8.49515    
262144    0.901746    0.900845    
524288    0.94304    0.942098    
1.04858e+06    0.911003    0.910093    
