8    0.917112    0.916196    
16    150.008    149.858    
32    0.969286    0.968317    
64    0.865098    0.864234    
128    0.936652    0.935716    
256    0.850473    0.849624    
512    28.8027    28.774    
1024    0.873585    0.872712    
2048    0.974743    0.973769    
4096    0.830756    0.829926    
8192    0.899542    0.898643    
16384    0.909303    0.908395    
32768    0.926364    0.925439    
65536    0.914952    0.914038    
131072    0.745018    0.744273    
262144    0.938073    0.937136    
524288    1.39996    1.39856    
1.04858e+06    2.00829    2.00629    
