8    0.814779    0.813965    
16    0.946707    0.945761    
32    0.880942    0.880062    
64    6.42609    6.41967    
128    0.900709    0.899809    
256    0.90732    0.906414    
512    2.49984    2.49734    
1024    0.955069    0.954115    
2048    0.597599    0.597002    
4096    0.561375    0.560814    
8192    0.987673    0.986686    
16384    0.487236    0.486749    
32768    300.803    300.503    
65536    0.861942    0.86108    
131072    5.79738    5.79159    
262144    0.963005    0.962043    
524288    0.667121    0.666455    
1.04858e+06    0.893692    0.892799    
