8    0.984509    0.983525    
16    0.985134    0.98415    
32    0.91762    0.916704    
64    1.84154    1.8397    
128    48.2451    48.1969    
256    0.902493    0.901592    
512    0.888437    0.887549    
1024    0.803577    0.802775    
2048    0.888411    0.887524    
4096    0.881099    0.880219    
8192    0.9103    0.909391    
16384    0.825439    0.824614    
32768    0.9566    0.955645    
65536    1.77386    1.77208    
131072    0.751443    0.750693    
262144    0.943245    0.942303    
524288    0.839573    0.838734    
1.04858e+06    0.96371    0.962747    
