8    0.976795    0.975819    
16    0.968309    0.967342    
32    0.765342    0.764577    
64    0.937145    0.936209    
128    0.874135    0.873261    
256    0.270575    0.270304    
512    5.53979    5.53426    
1024    0.91024    0.909331    
2048    0.971907    0.970936    
4096    0.865809    0.864944    
8192    0.207362    0.207155    
16384    0.885443    0.884558    
32768    0.812195    0.811384    
65536    0.939012    0.938074    
131072    0.893801    0.892908    
262144    0.908727    0.907819    
524288    9.42154    9.41213    
1.04858e+06    0.75008    0.749331    
