8    0.86209    0.861229    
16    0.838288    0.837451    
32    1.39931    1.39791    
64    0.704418    0.703714    
128    0.685938    0.685253    
256    0.990961    0.989971    
512    0.864196    0.863332    
1024    0.929454    0.928525    
2048    0.90738    0.906473    
4096    0.769623    0.768854    
8192    3.50995    3.50644    
16384    0.783599    0.782816    
32768    0.94319    0.942248    
65536    0.919486    0.918567    
131072    0.130032    0.129902    
262144    0.246754    0.246508    
524288    0.871041    0.87017    
1.04858e+06    0.96255    0.961588    
