8    4.40602    4.40162    
16    5.29236    5.28707    
32    1.29113    1.28984    
64    1.8399    1.83806    
128    1.43739    1.43595    
256    5.06815    5.06308    
512    4.0442    4.04016    
1024    4.60755    4.60294    
2048    1.86319    1.86133    
4096    3.40368    3.40028    
8192    4.37988    4.37551    
16384    1.16109    1.15993    
32768    5.97278    5.96681    
65536    6.8428    6.83597    
131072    5.23854    5.2333    
262144    0.808388    0.807581    
524288    2.39973    2.39734    
