8    0.977846    0.97687    
16    0.896171    0.895276    
32    0.747925    0.747177    
64    0.799033    0.798235    
128    0.880095    0.879215    
256    0.887274    0.886388    
512    0.916798    0.915882    
1024    0.466407    0.465941    
2048    0.610277    0.609668    
4096    12.1879    12.1758    
8192    0.405181    0.404776    
16384    0.702498    0.701796    
32768    0.929095    0.928167    
65536    0.903004    0.902102    
131072    0.807215    0.806408    
262144    28.746    28.7173    
524288    0.88943    0.888542    
1.04858e+06    0.711143    0.710433    
