8    0.827103    0.826277    
16    554.832    554.278    
32    0.935122    0.934188    
64    0.975843    0.974868    
128    0.95424    0.953287    
256    0.894771    0.893878    
512    0.834219    0.833386    
1024    0.729676    0.728947    
2048    0.906623    0.905718    
4096    0.832864    0.832032    
8192    0.0244156    0.0243912    
16384    0.923771    0.922848    
32768    0.906666    0.905761    
65536    0.943434    0.942492    
131072    0.846913    0.846067    
262144    0.965536    0.964571    
524288    4.21519    4.21098    
1.04858e+06    0.828754    0.827926    
