8    1.54059    1.53906    
16    0.972639    0.971667    
32    0.941925    0.940984    
64    0.1402    0.14006    
128    0.918269    0.917352    
256    5.32165    5.31633    
512    0.970484    0.969515    
1024    0.983714    0.982731    
2048    0.950274    0.949325    
4096    0.876042    0.875167    
8192    0.919596    0.918677    
16384    0.856882    0.856026    
32768    0.942822    0.94188    
65536    0.910338    0.909428    
131072    0.9437    0.942757    
262144    0.938998    0.938059    
524288    0.894727    0.893833    
1.04858e+06    0.895217    0.894323    
