8    0.936967    0.936031    
16    0.919075    0.918157    
32    0.713007    0.712295    
64    0.846381    0.845535    
128    0.952907    0.951955    
256    0.973477    0.972504    
512    18.1846    18.1664    
1024    0.890938    0.890048    
2048    0.469218    0.468749    
4096    0.943886    0.942943    
8192    0.9477    0.946753    
16384    0.918504    0.917587    
32768    0.600003    0.599404    
65536    0.874401    0.873527    
131072    0.854814    0.85396    
262144    0.32602    0.325694    
524288    0.925009    0.924085    
1.04858e+06    0.293807    0.293514    
