8    7.18716    7.17998    
16    2.86347    2.86061    
32    4.70969    4.70499    
64    4.1348    4.13067    
128    1.60477    1.60317    
256    4.74702    4.74228    
512    4.20614    4.20194    
1024    7.2747    7.26744    
2048    7.21292    7.20572    
4096    0.619816    0.619196    
8192    4.01358    4.00957    
16384    0.783123    0.782341    
32768    7.32944    7.32212    
65536    4.55635    4.5518    
131072    0.941852    0.940911    
262144    5.36041    5.35506    
524288    4.97214    4.96717    
