8    0.895725    0.89483    
16    0.843396    0.842553    
32    0.736148    0.735412    
64    0.932687    0.931756    
128    0.991553    0.990562    
256    0.953718    0.952766    
512    0.595397    0.594802    
1024    2.9466    2.94366    
2048    0.831779    0.830948    
4096    1.44724    1.4458    
8192    0.917999    0.917082    
16384    0.310505    0.310195    
32768    0.450545    0.450095    
65536    0.944425    0.943481    
131072    0.754852    0.754098    
262144    0.692623    0.691931    
524288    0.853199    0.852346    
1.04858e+06    0.874706    0.873833    
