8    0.786914    0.786128    
16    0.963493    0.962531    
32    0.951972    0.951021    
64    5.76854    5.76278    
128    0.924009    0.923086    
256    0.850931    0.850081    
512    0.970829    0.969859    
1024    0.919741    0.918822    
2048    0.85858    0.857723    
4096    0.375382    0.375007    
8192    0.96254    0.961579    
16384    0.946021    0.945076    
32768    2.54032    2.53778    
65536    0.911611    0.9107    
131072    0.918624    0.917706    
262144    0.930183    0.929253    
524288    0.948299    0.947352    
1.04858e+06    0.859965    0.859106    
