8    0.930299    0.92937    
16    0.923876    0.922953    
32    2.99069    2.98771    
64    0.898771    0.897873    
128    13.5393    13.5257    
256    0.913961    0.913048    
512    0.943518    0.942575    
1024    0.934203    0.933269    
2048    0.930212    0.929283    
4096    0.964625    0.963662    
8192    0.857738    0.856882    
16384    0.894085    0.893192    
32768    0.737818    0.737081    
65536    0.991956    0.990965    
131072    0.925609    0.924685    
262144    6.71695    6.71024    
524288    0.873028    0.872156    
1.04858e+06    0.874059    0.873186    
