8    4.88979    4.8849    
16    5.32675    5.32143    
32    4.01266    4.00866    
64    3.51009    3.50658    
128    1.39483    1.39344    
256    7.24437    7.23714    
512    0.228091    0.227863    
1024    3.01774    3.01473    
2048    3.49326    3.48977    
4096    0.424282    0.423858    
8192    3.14764    3.1445    
16384    5.53193    5.5264    
32768    0.608351    0.607744    
65536    2.54824    2.54569    
131072    1.55003    1.54848    
262144    1.06822    1.06715    
524288    0.410798    0.410387    
