8    7.444    7.43656    
16    0.985801    0.984816    
32    0.955558    0.954604    
64    0.88147    0.880589    
128    0.902838    0.901936    
256    0.936036    0.935101    
512    0.872755    0.871884    
1024    0.927275    0.926348    
2048    0.652473    0.651822    
4096    0.602285    0.601683    
8192    0.981758    0.980777    
16384    0.953919    0.952966    
32768    82.3101    82.2279    
65536    0.935308    0.934374    
131072    0.908419    0.907511    
262144    0.817898    0.817081    
524288    0.889728    0.888839    
1.04858e+06    2.2265    2.22428    
