8    0.81001    0.809201    
16    0.974231    0.973258    
32    0.17597    0.175794    
64    0.850103    0.849254    
128    0.888792    0.887904    
256    0.963738    0.962776    
512    0.639468    0.63883    
1024    0.744659    0.743915    
2048    2.64291    2.64027    
4096    4.72556    4.72084    
8192    0.91723    0.916313    
16384    0.99247    0.991479    
32768    0.965004    0.96404    
65536    0.820542    0.819722    
131072    0.597237    0.59664    
262144    0.628325    0.627697    
524288    0.863182    0.862319    
1.04858e+06    0.181653    0.181471    
