8    0.996783    0.995787    
16    0.915358    0.914444    
32    0.647923    0.647275    
64    0.676209    0.675533    
128    1.47583    1.47436    
256    0.910523    0.909613    
512    0.880779    0.879899    
1024    0.972781    0.971809    
2048    0.652526    0.651874    
4096    0.964957    0.963993    
8192    0.946569    0.945623    
16384    0.0362136    0.0361774    
32768    0.862657    0.861795    
65536    0.972188    0.971216    
131072    0.702405    0.701703    
262144    0.979269    0.978291    
524288    0.982773    0.981791    
1.04858e+06    0.949667    0.948718    
