8    0.912634    0.911722    
16    1.31584    1.31453    
32    0.87147    0.870599    
64    0.912316    0.911404    
128    0.00852048    0.00851197    
256    0.858943    0.858084    
512    1.42862    1.42719    
1024    0.697739    0.697042    
2048    0.944828    0.943884    
4096    0.914497    0.913584    
8192    0.532241    0.531709    
16384    0.841361    0.84052    
32768    0.925932    0.925007    
65536    0.918889    0.917971    
131072    0.402095    0.401693    
262144    0.795192    0.794398    
524288    0.945584    0.94464    
1.04858e+06    2.62782    2.62519    
