8    0.992962    0.99197    
16    0.956463    0.955508    
32    0.8237    0.822877    
64    0.597237    0.59664    
128    0.628325    0.627697    
256    0.863182    0.862319    
512    0.181653    0.181471    
1024    0.731195    0.730465    
2048    0.873858    0.872985    
4096    0.764153    0.76339    
8192    0.837154    0.836317    
16384    0.909682    0.908773    
32768    1.4515    1.45005    
65536    0.152326    0.152174    
131072    0.609605    0.608996    
262144    0.953288    0.952336    
524288    0.922671    0.92175    
1.04858e+06    0.173007    0.172834    
