8    0.650563    0.649913    
16    0.949367    0.948418    
32    0.961426    0.960466    
64    0.983499    0.982517    
128    0.801765    0.800965    
256    3.19759    3.1944    
512    0.63637    0.635734    
1024    0.909978    0.909069    
2048    0.840653    0.839813    
4096    0.723484    0.722762    
8192    0.917126    0.916209    
16384    0.949558    0.948609    
32768    0.940353    0.939414    
65536    0.880942    0.880062    
131072    6.42609    6.41967    
262144    0.900709    0.899809    
524288    0.90732    0.906414    
1.04858e+06    2.49984    2.49734    
