8    2.31998    2.31766    
16    0.919348    0.91843    
32    0.957273    0.956317    
64    0.856393    0.855538    
128    8.87205    8.86319    
256    0.667668    0.667001    
512    0.557055    0.556498    
1024    0.911556    0.910645    
2048    0.871493    0.870622    
4096    0.709342    0.708633    
8192    0.992423    0.991431    
16384    0.97203    0.971059    
32768    0.829784    0.828955    
65536    0.388292    0.387904    
131072    0.773485    0.772712    
262144    0.921722    0.920801    
524288    0.922699    0.921777    
1.04858e+06    0.909461    0.908553    
