8    0.438356    0.437918    
16    0.861781    0.86092    
32    0.922904    0.921982    
64    0.94402    0.943076    
128    0.938998    0.938059    
256    0.894727    0.893833    
512    0.895217    0.894323    
1024    209.348    209.139    
2048    0.908733    0.907826    
4096    0.908783    0.907875    
8192    0.967931    0.966964    
16384    0.906174    0.905269    
32768    0.895153    0.894259    
65536    0.866166    0.865301    
131072    0.795985    0.79519    
262144    0.0999308    0.099831    
524288    0.807604    0.806797    
1.04858e+06    0.836771    0.835935    
