8    0.856567    0.855711    
16    0.121085    0.120964    
32    2.20931    2.20711    
64    1.72087    1.71915    
128    0.682581    0.681899    
256    0.904666    0.903762    
512    0.802965    0.802163    
1024    0.896572    0.895676    
2048    0.920229    0.91931    
4096    0.644155    0.643512    
8192    1.54966    1.54811    
16384    0.890106    0.889217    
32768    0.899457    0.898559    
65536    0.866289    0.865423    
131072    76.001    75.9251    
262144    50.0211    49.9711    
524288    0.984839    0.983855    
1.04858e+06    1.00079    0.999786    
