8    1.38382    1.38244    
16    0.96644    0.965474    
32    0.886028    0.885142    
64    0.86303    0.862167    
128    19.5641    19.5445    
256    0.908451    0.907544    
512    0.479632    0.479153    
1024    0.97124    0.970269    
2048    0.953994    0.953041    
4096    0.854977    0.854123    
8192    0.673085    0.672413    
16384    0.91361    0.912697    
32768    0.935377    0.934442    
65536    0.942719    0.941778    
131072    0.877183    0.876307    
262144    0.819445    0.818626    
524288    0.491361    0.49087    
1.04858e+06    0.856003    0.855147    
