8    0.944901    0.943957    
16    0.972602    0.97163    
32    0.746505    0.745759    
64    0.954811    0.953857    
128    0.87534    0.874465    
256    0.807049    0.806242    
512    0.911554    0.910643    
1024    0.796392    0.795596    
2048    0.819563    0.818745    
4096    0.899776    0.898877    
8192    80.3458    80.2656    
16384    0.894662    0.893768    
32768    0.875627    0.874753    
65536    0.906825    0.90592    
131072    0.945004    0.94406    
262144    0.872968    0.872096    
524288    0.962495    0.961533    
1.04858e+06    0.869462    0.868593    
