8    0.980168    0.979189    
16    1.33173    1.3304    
32    0.854879    0.854025    
64    0.864394    0.863531    
128    0.667214    0.666548    
256    43.9327    43.8888    
512    0.98174    0.980759    
1024    0.86401    0.863147    
2048    0.660834    0.660174    
4096    0.537445    0.536908    
8192    0.948178    0.947231    
16384    0.161416    0.161255    
32768    0.81845    0.817632    
65536    0.874022    0.873149    
131072    0.983525    0.982542    
262144    0.929738    0.928809    
524288    51.864    51.8122    
1.04858e+06    0.881422    0.880542    
