8    0.971636    0.970666    
16    0.880272    0.879393    
32    0.99652    0.995524    
64    0.916962    0.916046    
128    1.18589    1.18471    
256    0.797345    0.796548    
512    0.907944    0.907037    
1024    0.968304    0.967337    
2048    0.85764    0.856783    
4096    0.757725    0.756968    
8192    0.466688    0.466222    
16384    0.930244    0.929314    
32768    0.907338    0.906432    
65536    2.99069    2.98771    
131072    0.898771    0.897873    
262144    13.5393    13.5257    
524288    0.913961    0.913048    
1.04858e+06    0.943518    0.942575    
