8    0.0426113    0.0425687    
16    0.435038    0.434603    
32    0.948444    0.947496    
64    0.492718    0.492226    
128    0.960577    0.959617    
256    0.87594    0.875064    
512    0.896149    0.895254    
1024    0.117724    0.117607    
2048    0.883231    0.882349    
4096    0.947187    0.94624    
8192    0.408147    0.407739    
16384    0.900519    0.899619    
32768    0.849131    0.848283    
65536    1.39931    1.39791    
131072    0.704418    0.703714    
262144    0.685938    0.685253    
524288    0.990961    0.989971    
1.04858e+06    0.864196    0.863332    
