8    3.93865    3.93472    
16    4.28678    4.2825    
32    1.3331    1.33177    
64    2.38595    2.38356    
128    1.89363    1.89174    
256    4.72762    4.7229    
512    6.49157    6.48509    
1024    2.16267    2.1605    
2048    1.8137    1.81189    
4096    0.64305    0.642408    
8192    2.93004    2.92711    
16384    1.85141    1.84956    
32768    1.22998    1.22875    
65536    1.85459    1.85274    
131072    5.85919    5.85333    
262144    3.62671    3.62309    
524288    1.21005    1.20884    
