8    0.13033    0.1302    
16    0.866434    0.865568    
32    0.971965    0.970994    
64    0.702405    0.701703    
128    0.979269    0.978291    
256    0.982773    0.981791    
512    0.949667    0.948718    
1024    0.797037    0.796241    
2048    0.917587    0.91667    
4096    5.92129    5.91538    
8192    0.960035    0.959076    
16384    0.908896    0.907988    
32768    0.288368    0.28808    
65536    0.95331    0.952358    
131072    0.972786    0.971815    
262144    0.191747    0.191556    
524288    306.946    306.639    
1.04858e+06    0.792041    0.79125    
