8    0.940867    0.939928    
16    0.975836    0.974861    
32    0.844693    0.843849    
64    8.50365    8.49515    
128    0.901746    0.900845    
256    0.94304    0.942098    
512    0.911003    0.910093    
1024    0.95507    0.954116    
2048    0.948234    0.947286    
4096    0.898976    0.898078    
8192    0.874668    0.873795    
16384    0.982777    0.981795    
32768    1.18668    1.18549    
65536    0.6707    0.67003    
131072    0.979586    0.978608    
262144    0.952797    0.951845    
524288    0.785273    0.784488    
1.04858e+06    0.943664    0.942721    
