8    6.56472    6.55817    
16    4.489    4.48452    
32    0.304131    0.303828    
64    2.32313    2.32081    
128    7.11729    7.11018    
256    4.56386    4.5593    
512    1.40875    1.40734    
1024    3.00524    3.00223    
2048    1.69681    1.69512    
4096    0.435742    0.435307    
8192    4.16009    4.15594    
16384    4.69511    4.69042    
32768    5.19002    5.18483    
65536    5.42506    5.41964    
131072    6.17129    6.16513    
262144    2.40301    2.40061    
524288    1.30521    1.3039    
