8    0.783123    0.782341    
16    4.85733    4.85247    
32    2.39171    2.38932    
64    0.819121    0.818302    
128    5.36041    5.35506    
256    4.97214    4.96717    
512    0.796349    0.795554    
1024    1.57447    1.5729    
2048    2.07564    2.07357    
4096    6.4793    6.47283    
8192    7.29049    7.28321    
16384    3.93308    3.92915    
32768    0.857833    0.856976    
65536    3.34094    3.33761    
131072    2.70512    2.70242    
262144    0.628866    0.628238    
524288    3.3084    3.3051    
