8    0.930856    0.929926    
16    0.589219    0.58863    
32    0.929465    0.928536    
64    8.5531    8.54456    
128    0.90923    0.908321    
256    1.5101    1.50859    
512    0.979868    0.978889    
1024    0.960453    0.959493    
2048    0.832029    0.831198    
4096    0.93087    0.92994    
8192    0.818131    0.817313    
16384    0.972033    0.971062    
32768    0.913674    0.912762    
65536    0.969024    0.968056    
131072    0.883403    0.882521    
262144    0.896855    0.895959    
524288    0.582696    0.582114    
1.04858e+06    0.912996    0.912084    
