8    0.96283    0.961868    
16    0.894827    0.893933    
32    0.510572    0.510062    
64    0.939546    0.938607    
128    0.905456    0.904551    
256    0.84071    0.83987    
512    310.706    310.395    
1024    0.953406    0.952453    
2048    1.95107    1.94912    
4096    0.977207    0.976231    
8192    0.791515    0.790724    
16384    0.640865    0.640224    
32768    0.863594    0.862732    
65536    0.894269    0.893376    
131072    0.815708    0.814893    
262144    0.982803    0.981822    
524288    0.846306    0.84546    
1.04858e+06    0.956602    0.955646    
