8    0.955994    0.955039    
16    0.92151    0.920589    
32    0.927297    0.926371    
64    0.861183    0.860322    
128    1.64483    1.64319    
256    0.941308    0.940368    
512    0.916819    0.915903    
1024    0.968789    0.967821    
2048    0.822269    0.821447    
4096    0.930649    0.929719    
8192    0.965375    0.964411    
16384    0.951055    0.950105    
32768    0.853884    0.853031    
65536    0.504273    0.503769    
131072    0.939546    0.938607    
262144    0.905456    0.904551    
524288    0.84071    0.83987    
1.04858e+06    310.706    310.395    
