8    0.715129    0.714414    
16    0.944244    0.9433    
32    0.896907    0.896011    
64    0.808633    0.807825    
128    28.746    28.7173    
256    0.88943    0.888542    
512    0.711143    0.710433    
1024    0.991182    0.990192    
2048    0.804135    0.803332    
4096    0.551421    0.55087    
8192    0.837598    0.836761    
16384    0.850874    0.850024    
32768    0.906904    0.905998    
65536    0.952739    0.951788    
131072    5.76854    5.76278    
262144    0.924009    0.923086    
524288    0.850931    0.850081    
1.04858e+06    0.970829    0.969859    
