8    0.852443    0.851591    
16    0.873976    0.873103    
32    0.946287    0.945341    
64    1.78087    1.77909    
128    0.903307    0.902405    
256    0.914729    0.913816    
512    2.63491    2.63228    
1024    0.901409    0.900509    
2048    0.737524    0.736788    
4096    0.841604    0.840763    
8192    0.776051    0.775276    
16384    5.47696    5.47148    
32768    0.103977    0.103873    
65536    0.891184    0.890294    
131072    5.37857    5.3732    
262144    0.974878    0.973904    
524288    0.926878    0.925952    
1.04858e+06    0.979621    0.978643    
