8    0.482846    0.482363    
16    0.857537    0.856681    
32    0.889627    0.888738    
64    0.678916    0.678238    
128    0.230376    0.230146    
256    0.499717    0.499218    
512    0.48666    0.486174    
1024    0.746561    0.745816    
2048    0.913734    0.912822    
4096    0.963421    0.962458    
8192    0.889696    0.888807    
16384    0.850792    0.849942    
32768    1.36736    1.36599    
65536    0.924075    0.923151    
131072    0.911401    0.910491    
262144    0.00852048    0.00851197    
524288    0.858943    0.858084    
1.04858e+06    1.42862    1.42719    
