8    0.947581    0.946634    
16    2.54032    2.53778    
32    0.896677    0.895781    
64    0.919041    0.918123    
128    0.930183    0.929253    
256    0.948299    0.947352    
512    0.859965    0.859106    
1024    0.896506    0.89561    
2048    0.730052    0.729323    
4096    0.401669    0.401268    
8192    9.08496    9.07589    
16384    0.958318    0.95736    
32768    0.767883    0.767116    
65536    0.900747    0.899847    
131072    0.956823    0.955867    
262144    0.920445    0.919525    
524288    0.852999    0.852147    
1.04858e+06    0.11429    0.114176    
