8    0.899439    0.898541    
16    2.32861    2.32628    
32    0.948534    0.947587    
64    0.910052    0.909143    
128    0.972739    0.971767    
256    0.742366    0.741624    
512    0.836705    0.835869    
1024    0.8963    0.895404    
2048    0.871557    0.870686    
4096    0.940748    0.939809    
8192    0.917837    0.91692    
16384    0.964517    0.963554    
32768    0.971789    0.970818    
65536    0.955128    0.954174    
131072    1.31705    1.31574    
262144    18.963    18.944    
524288    0.939218    0.938279    
1.04858e+06    0.89516    0.894266    
