8    0.978663    0.977685    
16    1.14852    1.14737    
32    0.675503    0.674828    
64    0.979762    0.978783    
128    0.952797    0.951845    
256    0.785273    0.784488    
512    0.943664    0.942721    
1024    0.946406    0.94546    
2048    0.815785    0.81497    
4096    0.795452    0.794657    
8192    0.922231    0.921309    
16384    142.44    142.298    
32768    0.897012    0.896115    
65536    0.980421    0.979442    
131072    44.2033    44.1591    
262144    0.937269    0.936332    
524288    7.06293    7.05588    
1.04858e+06    0.911488    0.910578    
