8    0.918734    0.917816    
16    0.880141    0.879261    
32    0.922064    0.921142    
64    0.945004    0.94406    
128    0.872968    0.872096    
256    0.962495    0.961533    
512    0.869462    0.868593    
1024    0.174813    0.174638    
2048    0.134601    0.134466    
4096    0.782709    0.781927    
8192    0.930461    0.929532    
16384    0.960858    0.959898    
32768    0.908545    0.907638    
65536    0.713007    0.712295    
131072    0.85412    0.853267    
262144    0.952907    0.951955    
524288    0.973477    0.972504    
1.04858e+06    18.1846    18.1664    
