8    0.960731    0.959771    
16    82.3101    82.2279    
32    0.945315    0.94437    
64    0.908419    0.907511    
128    0.817898    0.817081    
256    0.889728    0.888839    
512    2.2265    2.22428    
1024    0.908    0.907093    
2048    0.979632    0.978653    
4096    46.3811    46.3347    
8192    0.885994    0.885109    
16384    0.702107    0.701405    
32768    0.960857    0.959897    
65536    0.861312    0.860451    
131072    21.8177    21.7959    
262144    0.993275    0.992282    
524288    0.274739    0.274464    
1.04858e+06    0.657319    0.656663    
