8    0.840369    0.839529    
16    0.818966    0.818148    
32    0.582329    0.581748    
64    0.847813    0.846966    
128    0.923658    0.922736    
256    0.890878    0.889988    
512    0.988486    0.987499    
1024    0.949507    0.948558    
2048    0.0667813    0.0667146    
4096    115.011    114.896    
8192    0.727237    0.726511    
16384    0.854067    0.853214    
32768    14.0541    14.0401    
65536    0.921267    0.920347    
131072    2.59303    2.59044    
262144    0.307327    0.30702    
524288    0.861632    0.860771    
1.04858e+06    0.965485    0.96452    
