8    0.934897    0.933963    
16    0.909091    0.908182    
32    0.827206    0.826379    
64    0.879433    0.878554    
128    0.804654    0.80385    
256    0.958366    0.957409    
512    0.919466    0.918547    
1024    0.89613    0.895235    
2048    0.844871    0.844027    
4096    0.883104    0.882222    
8192    0.950538    0.949588    
16384    0.59808    0.597483    
32768    0.908836    0.907928    
65536    0.938063    0.937126    
131072    0.868609    0.867741    
262144    0.881687    0.880806    
524288    0.820388    0.819568    
1.04858e+06    1.73441    1.73267    
