8    0.922546    0.921624    
16    0.963128    0.962166    
32    2.26298    2.26072    
64    0.900869    0.899969    
128    0.945929    0.944984    
256    0.0621138    0.0620518    
512    0.875626    0.874752    
1024    0.940984    0.940044    
2048    0.840529    0.839689    
4096    0.863978    0.863115    
8192    0.605747    0.605142    
16384    0.908807    0.907899    
32768    0.860995    0.860135    
65536    0.87683    0.875955    
131072    0.798576    0.797778    
262144    0.90341    0.902508    
524288    0.860336    0.859476    
1.04858e+06    0.925835    0.92491    
