8    7.00207    6.99508    
16    0.187353    0.187166    
32    1.7075    1.70579    
64    4.23806    4.23382    
128    2.58427    2.58169    
256    4.6221    4.61748    
512    5.36381    5.35845    
1024    4.07277    4.0687    
2048    6.58114    6.57457    
4096    1.6649    1.66324    
8192    0.504291    0.503787    
16384    2.37875    2.37637    
32768    2.51625    2.51373    
65536    1.73337    1.73164    
131072    5.35955    5.3542    
262144    6.97159    6.96463    
524288    2.71892    2.71621    
