8    0.887146    0.88626    
16    0.286708    0.286422    
32    0.960154    0.959195    
64    0.968409    0.967441    
128    0.191747    0.191556    
256    306.946    306.639    
512    0.792041    0.79125    
1024    0.828945    0.828117    
2048    0.835475    0.83464    
4096    0.935369    0.934435    
8192    0.926681    0.925755    
16384    7.444    7.43656    
32768    0.987789    0.986802    
65536    0.956019    0.955064    
131072    0.855827    0.854972    
262144    0.902838    0.901936    
524288    0.936036    0.935101    
1.04858e+06    0.872755    0.871884    
