8    2.54576    2.54322    
16    0.258565    0.258307    
32    2.74218    2.73944    
64    7.02972    7.02269    
128    4.47403    4.46956    
256    0.12879    0.128662    
512    2.78505    2.78227    
1024    4.26823    4.26397    
2048    1.02787    1.02684    
4096    0.186046    0.18586    
8192    7.2335    7.22627    
16384    3.23478    3.23155    
32768    2.54536    2.54282    
65536    1.02519    1.02417    
131072    4.23806    4.23382    
262144    2.58427    2.58169    
524288    4.6221    4.61748    
