8    0.774421    0.773647    
16    0.884511    0.883627    
32    0.980029    0.97905    
64    0.810178    0.809369    
128    0.955545    0.95459    
256    0.95212    0.951169    
512    0.911781    0.91087    
1024    0.67734    0.676664    
2048    0.899093    0.898194    
4096    0.952572    0.95162    
8192    0.958783    0.957825    
16384    0.970564    0.969595    
32768    0.894437    0.893544    
65536    0.740648    0.739908    
131072    0.799033    0.798235    
262144    0.880095    0.879215    
524288    0.887274    0.886388    
1.04858e+06    0.916798    0.915882    
