8    0.715246    0.714532    
16    0.969683    0.968715    
32    0.935396    0.934461    
64    0.130032    0.129902    
128    0.246754    0.246508    
256    0.871041    0.87017    
512    0.96255    0.961588    
1024    0.836479    0.835643    
2048    70.6613    70.5907    
4096    0.956203    0.955248    
8192    0.966131    0.965166    
16384    2.53311    2.53058    
32768    0.913128    0.912216    
65536    0.957045    0.956089    
131072    0.856352    0.855497    
262144    8.87205    8.86319    
524288    0.667668    0.667001    
1.04858e+06    0.557055    0.556498    
