8    0.964189    0.963226    
16    0.917499    0.916583    
32    0.971109    0.970139    
64    0.884106    0.883223    
128    0.896855    0.895959    
256    0.582696    0.582114    
512    0.912996    0.912084    
1024    7.56317    7.55561    
2048    0.972031    0.97106    
4096    0.987575    0.986589    
8192    0.115025    0.114911    
16384    0.971387    0.970417    
32768    1.33173    1.3304    
65536    0.854879    0.854025    
131072    0.864147    0.863284    
262144    0.667214    0.666548    
524288    43.9327    43.8888    
1.04858e+06    0.98174    0.980759    
