8    0.926847    0.925921    
16    0.987558    0.986571    
32    0.838154    0.837317    
64    0.840525    0.839685    
128    0.997998    0.997001    
256    0.96777    0.966803    
512    0.892836    0.891944    
1024    3.40121    3.39781    
2048    0.636617    0.635981    
4096    0.824541    0.823717    
8192    0.714757    0.714043    
16384    0.847459    0.846613    
32768    0.158524    0.158366    
65536    0.723592    0.722869    
131072    5.93488    5.92895    
262144    0.877734    0.876857    
524288    0.922095    0.921174    
1.04858e+06    297.424    297.126    
