8    0.683681    0.682998    
16    0.860986    0.860126    
32    0.894973    0.894079    
64    0.811981    0.81117    
128    0.982803    0.981822    
256    0.846306    0.84546    
512    0.956602    0.955646    
1024    0.810161    0.809352    
2048    0.877821    0.876944    
4096    0.974897    0.973923    
8192    0.824007    0.823184    
16384    10.7983    10.7875    
32768    0.963975    0.963012    
65536    0.832588    0.831757    
131072    205.305    205.1    
262144    0.968296    0.967328    
524288    0.761237    0.760477    
1.04858e+06    0.876553    0.875677    
