8    0.277926    0.277648    
16    0.402335    0.401933    
32    0.292601    0.292309    
64    0.18329    0.183107    
128    0.0473921    0.0473448    
256    0.0378645    0.0378267    
512    0.0373631    0.0373257    
1024    0.045581    0.0455354    
2048    0.00338385    0.00338047    
4096    0.0017187    0.00171698    
8192    0.00941279    0.00940338    
16384    0.00518691    0.00518173    
32768    0.0055438    0.00553826    
65536    0.0084809    0.00847242    
131072    0.00919444    0.00918526    
262144    0.000171624    0.000171453    
524288    0    0    
1.04858e+06    0.000240042    0.000239802    
