8    0.026688    0.0266614    
16    0.0561522    0.0560961    
32    0.155915    0.155759    
64    0.0985155    0.0984171    
128    0.0252507    0.0252255    
256    0.106065    0.105959    
512    0.123634    0.123511    
1024    0.0511132    0.0510622    
2048    0.00364972    0.00364607    
4096    0.0127938    0.012781    
8192    0.0179511    0.0179331    
16384    0.00211104    0.00210893    
32768    0.0165134    0.0164969    
65536    0.00322262    0.0032194    
131072    0.000688362    0.000687674    
262144    0.00261034    0.00260773    
524288    0    0    
1.04858e+06    0.00262417    0.00262155    
