8    2.59663    2.59404    
16    3.4605    3.45704    
32    5.03855    5.03352    
64    2.41881    2.4164    
128    2.71848    2.71577    
256    3.02935    3.02632    
512    5.7512    5.74545    
1024    5.08997    5.08488    
2048    4.43901    4.43457    
4096    4.01508    4.01106    
8192    2.03488    2.03285    
16384    2.34633    2.34398    
32768    1.10188    1.10078    
65536    1.83329    1.83146    
131072    7.42418    7.41676    
262144    3.70044    3.69674    
524288    3.70044    3.69674    
