8    1.01187    1.01086    
16    6.55892    6.55236    
32    2.77866    2.77588    
64    2.73629    2.73355    
128    6.35438    6.34803    
256    5.43744    5.43201    
512    3.8755    3.87162    
1024    2.56811    2.56554    
2048    3.22466    3.22144    
4096    7.31858    7.31127    
8192    2.37101    2.36864    
16384    1.20505    1.20385    
32768    2.99497    2.99198    
65536    2.8382    2.83537    
131072    5.9331    5.92717    
262144    2.51355    2.51104    
524288    3.70044    3.69674    
