8    0.328814    0.328486    
16    0.0944037    0.0943094    
32    0.0658896    0.0658238    
64    0.217814    0.217596    
128    0.151965    0.151813    
256    0.00880107    0.00879227    
512    0.0741329    0.0740588    
1024    0.018689    0.0186703    
2048    0.0354007    0.0353654    
4096    0.0119325    0.0119206    
8192    0.00577362    0.00576785    
16384    0.00453129    0.00452676    
32768    0.00891262    0.00890372    
65536    0.00175396    0.0017522    
131072    0    0    
262144    0    0    
524288    0    0    
1.04858e+06    2.27371e-07    2.27143e-07    
