8    0.535097    0.534563    
16    0.664491    0.663827    
32    0.133394    0.133261    
64    0.156775    0.156618    
128    0.101971    0.101869    
256    0.108135    0.108027    
512    0.0446481    0.0446035    
1024    0.0121479    0.0121358    
2048    0.0332709    0.0332377    
4096    0.0153092    0.0152939    
8192    0.0352766    0.0352414    
16384    0.0140822    0.0140681    
32768    0.0107296    0.0107188    
65536    0.000653573    0.00065292    
131072    0.00351179    0.00350828    
262144    1.08727e-05    1.08619e-05    
524288    0    0    
1.04858e+06    0    0    
