8    0.309418    0.309109    
16    0.0783581    0.0782798    
32    0.0184114    0.018393    
64    0.282227    0.281945    
128    0.180958    0.180777    
256    0.0611995    0.0611384    
512    0.0286204    0.0285918    
1024    0.0168008    0.016784    
2048    0.0304222    0.0303918    
4096    0.00699115    0.00698417    
8192    0.00545441    0.00544897    
16384    0.00771985    0.00771213    
32768    0.00433171    0.00432739    
65536    0.00276547    0.00276271    
131072    0.000248253    0.000248005    
262144    0.000220813    0.000220593    
524288    0    0    
1.04858e+06    0.000382053    0.000381672    
