8    0.215574    0.215359    
16    0.289684    0.289394    
32    0.209947    0.209737    
64    0.075801    0.0757252    
128    0.0483078    0.0482595    
256    0.165847    0.165681    
512    0.0693128    0.0692435    
1024    0.0297036    0.0296739    
2048    0.0477581    0.0477104    
4096    0.0240449    0.0240209    
8192    0.0320654    0.0320334    
16384    0.0287125    0.0286838    
32768    0.00145934    0.00145788    
65536    0.00196396    0.001962    
131072    0    0    
262144    1.02785e-05    1.02682e-05    
524288    6.31817e-06    6.31185e-06    
1.04858e+06    0    0    
