8    1.00101    1.00001    
16    1.00099    0.999991    
32    1.00099    0.99999    
64    1.00101    1.00001    
128    1.00101    1.00001    
256    1.00099    0.999995    
512    1.00099    0.99999    
1024    1.00099    0.999992    
2048    1.001    1    
4096    1.001    0.999996    
8192    1.00101    1.00001    
16384    1.00101    1.00001    
32768    1.001    0.999996    
65536    1.00099    0.99999    
131072    1.001    1    
262144    1.00099    0.999991    
524288    1.001    1    
