8    0.0557578    0.0557021    
16    0.0636082    0.0635446    
32    0.292091    0.291799    
64    0.0237668    0.0237431    
128    0.285647    0.285362    
256    0.00781007    0.00780227    
512    0.0631255    0.0630624    
1024    0.0525916    0.052539    
2048    0.0249507    0.0249258    
4096    0.0272053    0.0271781    
8192    0.00299102    0.00298803    
16384    0.00896055    0.00895159    
32768    0.00238937    0.00238698    
65536    0.00573424    0.00572852    
131072    0.000152775    0.000152622    
262144    0.0017471    0.00174535    
524288    0.00664232    0.00663569    
1.04858e+06    0.00399328    0.00398929    
