8    0.296459    0.296163    
16    0.0204573    0.0204369    
32    0.1293    0.129171    
64    0.378526    0.378148    
128    0.188506    0.188318    
256    0.0744108    0.0743364    
512    0.113769    0.113655    
1024    0.0417479    0.0417062    
2048    0.0248705    0.0248457    
4096    0.0131189    0.0131058    
8192    0.0194063    0.0193869    
16384    0.010676    0.0106654    
32768    0.0033591    0.00335574    
65536    0.0192115    0.0191923    
131072    0.00208601    0.00208393    
262144    0.00064142    0.000640779    
524288    4.7446e-06    4.73986e-06    
1.04858e+06    0    0    
