8    0.477034    0.476558    
16    0.294111    0.293817    
32    0.808535    0.807727    
64    0.0312512    0.03122    
128    0.0416447    0.0416031    
256    0.112407    0.112295    
512    0.0149387    0.0149238    
1024    0.0109379    0.010927    
2048    0.0270682    0.0270412    
4096    0.00266768    0.00266502    
8192    0.00635398    0.00634763    
16384    0.0078811    0.00787322    
32768    0.00725161    0.00724437    
65536    0.00213644    0.0021343    
131072    0.00602979    0.00602377    
262144    0.00229929    0.00229699    
524288    2.47985e-06    2.47737e-06    
1.04858e+06    0    0    
