8    0.0775724    0.0774949    
16    0.372974    0.372601    
32    0.318536    0.318218    
64    0.0833156    0.0832323    
128    0.0750488    0.0749738    
256    0.0139209    0.013907    
512    0.101812    0.10171    
1024    0.000589234    0.000588645    
2048    0.0311376    0.0311065    
4096    0.0107323    0.0107216    
8192    0.0125373    0.0125248    
16384    0.00469814    0.00469345    
32768    0.00661405    0.00660745    
65536    0.000521223    0.000520702    
131072    0.00190584    0.00190393    
262144    0.00158664    0.00158506    
524288    0    0    
1.04858e+06    0    0    
