8    0.481758    0.481277    
16    0.14317    0.143027    
32    0.0666449    0.0665783    
64    0.424742    0.424318    
128    0.00530083    0.00529553    
256    0.0180868    0.0180687    
512    0.013615    0.0136014    
1024    0.0116681    0.0116565    
2048    0.0270124    0.0269854    
4096    0.0265674    0.0265408    
8192    0.0028236    0.00282078    
16384    0.00255005    0.0025475    
32768    0.00519479    0.0051896    
65536    0.00340221    0.00339881    
131072    0.00490236    0.00489747    
262144    0    0    
524288    0.000352871    0.000352518    
1.04858e+06    3.73368e-05    3.72995e-05    
