8    1.32288    1.32156    
16    0.587152    0.586565    
32    0.225679    0.225453    
64    0.129979    0.129849    
128    0.0080079    0.0079999    
256    0.00354349    0.00353995    
512    0.0307593    0.0307285    
1024    0.0546372    0.0545826    
2048    0.028419    0.0283906    
4096    0.0155889    0.0155733    
8192    0.0171746    0.0171574    
16384    0.00829954    0.00829125    
32768    0.0130408    0.0130277    
65536    0.00153765    0.00153611    
131072    0.000443937    0.000443494    
262144    0.00264186    0.00263922    
524288    3.50174e-05    3.49824e-05    
1.04858e+06    0.00248872    0.00248623    
