8    0.476232    0.475756    
16    0.0880687    0.0879807    
32    0.290576    0.290285    
64    0.199936    0.199737    
128    0.0375373    0.0374998    
256    0.000597495    0.000596898    
512    0.0891131    0.0890241    
1024    0.0511801    0.051129    
2048    0.0208941    0.0208732    
4096    0.0103221    0.0103118    
8192    0.0128242    0.0128113    
16384    0.0136423    0.0136286    
32768    0.00722793    0.00722071    
65536    0.00426923    0.00426496    
131072    0.0093539    0.00934455    
262144    1.1365e-05    1.13536e-05    
524288    6.77536e-06    6.76859e-06    
1.04858e+06    0    0    
