8    0.593296    0.592703    
16    0.403363    0.40296    
32    0.290554    0.290264    
64    0.0900908    0.0900008    
128    0.130481    0.130351    
256    0.0556057    0.0555502    
512    0.0131181    0.013105    
1024    0.0231499    0.0231268    
2048    0.0418844    0.0418425    
4096    0.0238456    0.0238218    
8192    0.00594333    0.00593739    
16384    0.00448097    0.00447649    
32768    0.00451291    0.0045084    
65536    0.00506494    0.00505988    
131072    0.000782256    0.000781474    
262144    0    0    
524288    0.00617267    0.0061665    
1.04858e+06    0    0    
