8    0.482544    0.482062    
16    0.104656    0.104552    
32    0.0832167    0.0831336    
64    0.156152    0.155996    
128    0.182254    0.182072    
256    0.0641146    0.0640505    
512    0.0104213    0.0104109    
1024    0.0230471    0.0230241    
2048    0.0176983    0.0176807    
4096    0.0105587    0.0105481    
8192    0.0164484    0.016432    
16384    0.0214496    0.0214282    
32768    0.0156497    0.015634    
65536    0.0008314    0.00083057    
131072    0.00543294    0.00542751    
262144    0.00283364    0.00283081    
524288    0    0    
1.04858e+06    0    0    
