8    0.463213    0.462751    
16    0.629833    0.629204    
32    0.290917    0.290627    
64    0.248565    0.248317    
128    0.00283896    0.00283612    
256    0.055324    0.0552688    
512    0.0335862    0.0335527    
1024    0.026706    0.0266793    
2048    0.0436087    0.0435651    
4096    0.0214008    0.0213794    
8192    0.0228096    0.0227868    
16384    0.00391163    0.00390772    
32768    0.00960053    0.00959094    
65536    0.000153914    0.00015376    
131072    0.00255597    0.00255342    
262144    0.00986733    0.00985748    
524288    0    0    
1.04858e+06    0.000404578    0.000404174    
