8    1.52038    1.51887    
16    2.5377    2.53517    
32    2.89109    2.8882    
64    3.53668    3.53314    
128    3.92097    3.91706    
256    5.37325    5.36789    
512    6.33259    6.32626    
1024    2.59246    2.58987    
2048    2.53933    2.53679    
4096    4.72034    4.71562    
8192    1.92372    1.92179    
16384    3.86305    3.85919    
32768    5.09895    5.09385    
65536    5.12848    5.12336    
131072    1.33096    1.32963    
262144    2.82693    2.82411    
524288    3.70044    3.69674    
