8    0.452778    0.452326    
16    0.230306    0.230076    
32    0.0195163    0.0194968    
64    0.0831963    0.0831131    
128    0.0761512    0.0760751    
256    0.0321878    0.0321557    
512    0.0500117    0.0499617    
1024    0.0035996    0.003596    
2048    0.00308878    0.0030857    
4096    5.2966e-05    5.29131e-05    
8192    0.0207572    0.0207365    
16384    0.00230818    0.00230588    
32768    0.000408765    0.000408357    
65536    0.0077773    0.00776953    
131072    0.00426817    0.0042639    
262144    0    0    
524288    0    0    
1.04858e+06    0    0    
