8    0.0159919    0.0159759    
16    0.0768467    0.0767699    
32    0.1983    0.198102    
64    0.0818515    0.0817698    
128    0.0489496    0.0489007    
256    0.105703    0.105598    
512    0.0204608    0.0204404    
1024    0.0437506    0.0437069    
2048    0.0109768    0.0109659    
4096    0.00262743    0.0026248    
8192    0.013248    0.0132347    
16384    0.0115572    0.0115456    
32768    0.007137    0.00712987    
65536    0.00287676    0.00287389    
131072    0.00189296    0.00189107    
262144    0.00154343    0.00154189    
524288    0.000389688    0.000389299    
1.04858e+06    0.000122615    0.000122493    
