8    0.267075    0.266809    
16    0.0501048    0.0500547    
32    0.374282    0.373908    
64    0.0304851    0.0304546    
128    0.259744    0.259485    
256    0.110281    0.110171    
512    0.0246333    0.0246087    
1024    0.0225651    0.0225425    
2048    0.0359884    0.0359524    
4096    0.0487508    0.0487021    
8192    0.0261735    0.0261474    
16384    0.00435352    0.00434917    
32768    0.00064332    0.000642677    
65536    0.00128417    0.00128289    
131072    0.00583073    0.0058249    
262144    3.74882e-06    3.74507e-06    
524288    0.000353963    0.00035361    
1.04858e+06    0    0    
