8    0.320495    0.320175    
16    0.195641    0.195445    
32    0.18341    0.183227    
64    0.0817884    0.0817066    
128    0.109122    0.109013    
256    0.0378823    0.0378445    
512    0.088229    0.0881408    
1024    0.0777727    0.077695    
2048    0.0577444    0.0576868    
4096    0.0229801    0.0229571    
8192    0.00769842    0.00769073    
16384    0.00354403    0.00354049    
32768    0.00792123    0.00791332    
65536    0.00628044    0.00627417    
131072    0.00296271    0.00295975    
262144    0.00555136    0.00554582    
524288    0.000204095    0.000203891    
1.04858e+06    8.51708e-06    8.50857e-06    
