8    0.281072    0.280791    
16    0.652369    0.651717    
32    0.25237    0.252118    
64    0.0490157    0.0489668    
128    0.306356    0.30605    
256    0.0752166    0.0751415    
512    0.0158662    0.0158504    
1024    0.0375938    0.0375563    
2048    0.0347432    0.0347085    
4096    0.0277453    0.0277176    
8192    0.0193839    0.0193646    
16384    0.0164227    0.0164063    
32768    0.00741996    0.00741255    
65536    0.00164791    0.00164627    
131072    0.00077776    0.000776983    
262144    0.00454934    0.00454479    
524288    0.00270912    0.00270642    
1.04858e+06    0    0    
