8    0.249951    0.249702    
16    0.189355    0.189165    
32    0.226091    0.225865    
64    0.0964652    0.0963689    
128    0.10101    0.100909    
256    0.0975503    0.0974529    
512    0.000119995    0.000119875    
1024    0.0185724    0.0185539    
2048    0.00559709    0.00559149    
4096    0.00879172    0.00878294    
8192    0.0159426    0.0159267    
16384    0.00656427    0.00655771    
32768    0.00398279    0.00397881    
65536    0.00162198    0.00162036    
131072    0.0046815    0.00467683    
262144    0.000685584    0.000684899    
524288    0    0    
1.04858e+06    0    0    
