8    4.31692    4.3126    
16    3.87964    3.87577    
32    3.18038    3.1772    
64    4.75426    4.74951    
128    3.1027    3.0996    
256    5.51061    5.50511    
512    3.55054    3.54699    
1024    1.04546    1.04442    
2048    4.02196    4.01794    
4096    0.761198    0.760438    
8192    4.64463    4.63999    
16384    2.99163    2.98864    
32768    2.89984    2.89694    
65536    3.3207    3.31739    
131072    2.29175    2.28946    
262144    3.32117    3.31785    
524288    0.0017758    0.00177403    
