8    0.470977    0.470506    
16    0.11443    0.114316    
32    0.270599    0.270328    
64    0.196858    0.196661    
128    0.200133    0.199933    
256    0.0406571    0.0406165    
512    0.0948452    0.0947504    
1024    0.0452687    0.0452234    
2048    0.0155903    0.0155748    
4096    0.0463597    0.0463134    
8192    0.0111663    0.0111552    
16384    0.00165899    0.00165733    
32768    0.00428562    0.00428134    
65536    0.00437231    0.00436794    
131072    0.00299479    0.0029918    
262144    0    0    
524288    0    0    
1.04858e+06    0    0    
