8    0.447931    0.447483    
16    0.337593    0.337256    
32    0.570438    0.569868    
64    0.150819    0.150668    
128    0.00738108    0.0073737    
256    0.204518    0.204314    
512    0.0330303    0.0329973    
1024    0.0209874    0.0209665    
2048    0.0341088    0.0340747    
4096    0.0399367    0.0398968    
8192    0.0161741    0.0161579    
16384    0.0103039    0.0102936    
32768    0.00160684    0.00160523    
65536    0.000383242    0.000382859    
131072    0.00209024    0.00208815    
262144    0.00443508    0.00443065    
524288    0.000102352    0.00010225    
1.04858e+06    0    0    
