8    0.182057    0.181875    
16    0.166521    0.166355    
32    0.294269    0.293975    
64    0.22052    0.2203    
128    0.0749927    0.0749177    
256    0.121691    0.12157    
512    0.116971    0.116854    
1024    0.0314562    0.0314248    
2048    0.0533617    0.0533084    
4096    0.0366628    0.0366262    
8192    0.0211373    0.0211162    
16384    0.00429493    0.00429063    
32768    0.00996797    0.00995801    
65536    3.42011e-05    3.4167e-05    
131072    0.00266583    0.00266317    
262144    0.00272968    0.00272696    
524288    2.46725e-08    2.46478e-08    
1.04858e+06    7.4784e-05    7.47093e-05    
