8    0.8565    0.855644    
16    0.136959    0.136822    
32    0.15354    0.153386    
64    0.105475    0.105369    
128    0.11579    0.115674    
256    0.0570005    0.0569435    
512    0.0111975    0.0111863    
1024    0.0489085    0.0488597    
2048    0.00245142    0.00244897    
4096    0.0128681    0.0128552    
8192    0.00219742    0.00219522    
16384    0.00280806    0.00280525    
32768    0.00390198    0.00389809    
65536    0.00364991    0.00364627    
131072    0.000462636    0.000462173    
262144    0    0    
524288    0    0    
1.04858e+06    0.000201507    0.000201306    
