8    3.26868    3.26541    
16    1.81477    1.81296    
32    6.06162    6.05556    
64    0.932223    0.931292    
128    4.14557    4.14143    
256    4.02835    4.02433    
512    2.21727    2.21505    
1024    0.346245    0.345899    
2048    6.78084    6.77406    
4096    4.20101    4.19682    
8192    3.11004    3.10693    
16384    0.807832    0.807025    
32768    3.99916    3.99516    
65536    2.68694    2.68425    
131072    0.261882    0.26162    
262144    5.46712    5.46165    
524288    3.70044    3.69674    
