8    0.160735    0.160574    
16    0.488098    0.487611    
32    0.0185384    0.0185199    
64    0.0548977    0.0548429    
128    0.217309    0.217092    
256    0.0960745    0.0959785    
512    0.0274772    0.0274498    
1024    0.0227769    0.0227541    
2048    0.0509128    0.0508619    
4096    0.0497012    0.0496516    
8192    0.00360984    0.00360624    
16384    0.011792    0.0117802    
32768    0.00585399    0.00584814    
65536    0.00776542    0.00775766    
131072    0.00170543    0.00170373    
262144    0.00388374    0.00387986    
524288    0.00133564    0.0013343    
1.04858e+06    0    0    
