8    0.646073    0.645427    
16    0.194117    0.193923    
32    0.0446649    0.0446203    
64    0.106841    0.106735    
128    0.118688    0.11857    
256    0.0727751    0.0727024    
512    0.0619102    0.0618484    
1024    0.0228022    0.0227794    
2048    0.00388961    0.00388572    
4096    0.00887568    0.00886682    
8192    0.0127599    0.0127471    
16384    0.0135143    0.0135008    
32768    0.00291987    0.00291695    
65536    0.00178746    0.00178568    
131072    0.00624558    0.00623934    
262144    0.00115353    0.00115237    
524288    7.91595e-05    7.90804e-05    
1.04858e+06    0.000151229    0.000151078    
