8    4.72881    4.72409    
16    2.92792    2.92499    
32    3.05689    3.05383    
64    1.41584    1.41443    
128    2.20882    2.20662    
256    4.8986    4.8937    
512    3.85487    3.85102    
1024    0.496681    0.496185    
2048    6.26144    6.25518    
4096    3.18691    3.18373    
8192    4.36437    4.36001    
16384    4.62864    4.62402    
32768    2.86054    2.85769    
65536    6.51824    6.51173    
131072    6.32827    6.32195    
262144    0.958368    0.95741    
524288    0.0395275    0.039488    
