8    1.04952    1.04847    
16    0.523402    0.52288    
32    0.238706    0.238467    
64    0.0842724    0.0841882    
128    0.0459395    0.0458936    
256    0.106361    0.106255    
512    0.0301339    0.0301038    
1024    0.0532647    0.0532115    
2048    0.00166876    0.00166709    
4096    0.0244814    0.024457    
8192    0.0123037    0.0122914    
16384    0.0102299    0.0102197    
32768    0.0161365    0.0161203    
65536    0.00268458    0.0026819    
131072    0.0110009    0.0109899    
262144    0.000953513    0.00095256    
524288    0    0    
1.04858e+06    0    0    
