8    0.304439    0.304135    
16    0.0644991    0.0644347    
32    0.100827    0.100726    
64    0.142039    0.141897    
128    0.146493    0.146347    
256    0.112949    0.112836    
512    0.0865177    0.0864312    
1024    0.0619447    0.0618828    
2048    0.00951464    0.00950514    
4096    0.0261579    0.0261317    
8192    0.00130575    0.00130445    
16384    0.00389202    0.00388813    
32768    0.0108453    0.0108345    
65536    0.00459944    0.00459484    
131072    0.000173675    0.000173501    
262144    0    0    
524288    0    0    
1.04858e+06    0    0    
