8    0.150478    0.150328    
16    0.24429    0.244046    
32    0.316828    0.316511    
64    0.08843    0.0883417    
128    0.0895343    0.0894449    
256    0.0768023    0.0767256    
512    0.0261194    0.0260933    
1024    0.00457213    0.00456756    
2048    0.0167887    0.016772    
4096    0.0328231    0.0327903    
8192    0.0258665    0.0258407    
16384    0.00476074    0.00475599    
32768    0.00358848    0.00358489    
65536    0.00789201    0.00788412    
131072    0.00432625    0.00432193    
262144    0.000199197    0.000198998    
524288    0    0    
1.04858e+06    0    0    
