8    1.00101    1.00001    
16    1.001    0.999997    
32    1.00099    0.999992    
64    1.00101    1.00001    
128    1.001    1    
256    1.001    1    
512    1.00101    1.00001    
1024    1.00099    0.999991    
2048    1.00099    0.999992    
4096    1.001    0.999997    
8192    1.001    0.999998    
16384    1.00099    0.999993    
32768    1.00099    0.999995    
65536    1.00099    0.99999    
131072    1.00101    1.00001    
262144    1.00099    0.999993    
524288    1.001    1    
