8    0.194592    0.194398    
16    0.335547    0.335212    
32    0.0869827    0.0868958    
64    0.401634    0.401233    
128    0.124134    0.12401    
256    0.12754    0.127413    
512    0.126114    0.125989    
1024    0.018994    0.018975    
2048    0.0177974    0.0177796    
4096    0.0161952    0.016179    
8192    0.00305054    0.00304749    
16384    0.00416023    0.00415608    
32768    0.00694583    0.00693889    
65536    0.00338285    0.00337947    
131072    0.00105224    0.00105119    
262144    0.0010087    0.00100769    
524288    0    0    
1.04858e+06    0.000832389    0.000831557    
