8    0.18634    0.186154    
16    0.215909    0.215694    
32    0.186    0.185814    
64    0.11448    0.114366    
128    0.0803172    0.080237    
256    0.0433138    0.0432706    
512    0.0340379    0.0340039    
1024    0.0110218    0.0110108    
2048    0.0232512    0.0232279    
4096    0.0115466    0.0115351    
8192    0.0274196    0.0273922    
16384    0.00268508    0.0026824    
32768    0.0029592    0.00295625    
65536    0.000552958    0.000552406    
131072    8.91862e-05    8.90971e-05    
262144    7.10102e-05    7.09392e-05    
524288    7.32662e-05    7.3193e-05    
1.04858e+06    0    0    
