8    0.252802    0.25255    
16    0.141329    0.141188    
32    0.101904    0.101803    
64    0.00317406    0.00317089    
128    0.0656113    0.0655458    
256    0.0373021    0.0372649    
512    0.026696    0.0266693    
1024    0.00337248    0.00336911    
2048    0.026185    0.0261589    
4096    0.0063662    0.00635984    
8192    0.0108594    0.0108485    
16384    0.00456971    0.00456515    
32768    0.000945792    0.000944847    
65536    0.000879042    0.000878163    
131072    0.0050139    0.00500889    
262144    0.000800979    0.000800179    
524288    0.000424105    0.000423682    
1.04858e+06    0    0    
