8    0.331925    0.331594    
16    0.101564    0.101463    
32    0.435822    0.435387    
64    0.191625    0.191434    
128    0.0323614    0.0323291    
256    0.0168158    0.016799    
512    0.0177119    0.0176942    
1024    0.0390897    0.0390506    
2048    0.0262415    0.0262153    
4096    0.0504184    0.050368    
8192    0.00821212    0.00820391    
16384    0.00517467    0.0051695    
32768    0.00121638    0.00121516    
65536    0.0148631    0.0148482    
131072    9.42197e-05    9.41256e-05    
262144    0.000165521    0.000165355    
524288    0    0    
1.04858e+06    0.000724741    0.000724017    
