8    0.41384    0.413426    
16    0.212789    0.212576    
32    0.349648    0.349299    
64    0.021601    0.0215794    
128    0.0831428    0.0830597    
256    0.122013    0.121891    
512    0.0179557    0.0179378    
1024    0.0134462    0.0134327    
2048    0.0212248    0.0212036    
4096    0.0199158    0.0198959    
8192    0.0225878    0.0225652    
16384    0.00849688    0.00848839    
32768    0.00683579    0.00682896    
65536    0.0023987    0.00239631    
131072    0.0001472    0.000147053    
262144    0    0    
524288    0.000533911    0.000533378    
1.04858e+06    0.000162529    0.000162367    
