8    0.604369    0.603765    
16    0.49995    0.499451    
32    0.283134    0.282851    
64    0.077892    0.0778142    
128    0.190513    0.190322    
256    0.0850086    0.0849236    
512    0.0823016    0.0822194    
1024    0.0261681    0.0261419    
2048    0.0651045    0.0650395    
4096    0.0410449    0.0410039    
8192    0.0312759    0.0312447    
16384    0.000447448    0.000447001    
32768    0.00616876    0.00616259    
65536    0.00222417    0.00222195    
131072    0.00135931    0.00135795    
262144    0.00303592    0.00303289    
524288    0    0    
1.04858e+06    0    0    
