8    0.452321    0.451869    
16    0.0551229    0.0550678    
32    0.0145886    0.014574    
64    0.333353    0.33302    
128    0.104744    0.10464    
256    0.00760528    0.00759768    
512    0.0740263    0.0739524    
1024    0.0741746    0.0741005    
2048    0.00197867    0.0019767    
4096    0.00257107    0.00256851    
8192    0.00143982    0.00143838    
16384    0.0254753    0.0254498    
32768    0.00378536    0.00378158    
65536    0.0111158    0.0111047    
131072    0.00290572    0.00290282    
262144    0.00117814    0.00117696    
524288    0.000224184    0.00022396    
1.04858e+06    0.000132091    0.000131959    
