8    0.0367782    0.0367415    
16    0.540121    0.539581    
32    0.131051    0.13092    
64    0.120399    0.120279    
128    0.2411    0.240859    
256    0.0276837    0.0276561    
512    0.0274304    0.027403    
1024    0.0416822    0.0416405    
2048    0.00598936    0.00598337    
4096    0.0320929    0.0320608    
8192    0.0118104    0.0117986    
16384    0.00288222    0.00287934    
32768    0.00472392    0.0047192    
65536    0.00105817    0.00105711    
131072    0.00064573    0.000645085    
262144    0    0    
524288    0.000846677    0.000845831    
1.04858e+06    0    0    
