8    0.502929    0.502426    
16    0.356824    0.356468    
32    0.415821    0.415405    
64    0.172461    0.172289    
128    0.0743922    0.0743179    
256    0.0367832    0.0367465    
512    0.0232599    0.0232367    
1024    0.0475585    0.047511    
2048    0.00847444    0.00846597    
4096    0.00435524    0.00435089    
8192    0.0111758    0.0111647    
16384    0.00843564    0.00842722    
32768    0.00474544    0.0047407    
65536    0.00325836    0.00325511    
131072    6.6599e-05    6.65325e-05    
262144    0.000803199    0.000802397    
524288    0.000392359    0.000391967    
1.04858e+06    0    0    
