8    5.07025    5.06519    
16    4.84586    4.84102    
32    0.142381    0.142238    
64    3.01776    3.01474    
128    0.416675    0.416259    
256    7.42968    7.42225    
512    0.538032    0.537495    
1024    2.75357    2.75082    
2048    4.4397    4.43526    
4096    7.30475    7.29746    
8192    4.70566    4.70096    
16384    3.39474    3.39135    
32768    2.45112    2.44867    
65536    0.23661    0.236374    
131072    5.3593    5.35395    
262144    0.271359    0.271088    
524288    3.70044    3.69674    
