8    0.749237    0.748489    
16    0.392669    0.392276    
32    0.145645    0.145499    
64    0.0571605    0.0571034    
128    0.166147    0.165981    
256    0.0609232    0.0608624    
512    0.070516    0.0704455    
1024    0.00543748    0.00543205    
2048    0.0221874    0.0221652    
4096    0.00774459    0.00773685    
8192    0.00579145    0.00578567    
16384    0.0253172    0.0252919    
32768    0.00181636    0.00181455    
65536    0.00246681    0.00246434    
131072    2.00959e-05    2.00758e-05    
262144    0.00371837    0.00371466    
524288    0.000421436    0.000421015    
1.04858e+06    0    0    
