8    0.327227    0.3269    
16    0.169799    0.169629    
32    0.244806    0.244562    
64    0.136919    0.136782    
128    0.161193    0.161032    
256    0.0241385    0.0241143    
512    0.193575    0.193381    
1024    0.0457874    0.0457416    
2048    0.0375592    0.0375217    
4096    0.0015124    0.00151089    
8192    0.0296659    0.0296362    
16384    0.00102952    0.00102849    
32768    0.00350102    0.00349752    
65536    0.00326053    0.00325727    
131072    0.00406877    0.00406471    
262144    0.00667767    0.006671    
524288    7.9595e-05    7.95155e-05    
1.04858e+06    0    0    
