8    0.625712    0.625087    
16    0.586785    0.586199    
32    0.0952407    0.0951456    
64    0.0540039    0.05395    
128    0.158122    0.157964    
256    0.122598    0.122476    
512    0.0837406    0.083657    
1024    0.0389992    0.0389603    
2048    0.011658    0.0116464    
4096    0.0252762    0.025251    
8192    0.000295981    0.000295686    
16384    0.00491105    0.00490614    
32768    0.0136074    0.0135938    
65536    0.00417485    0.00417068    
131072    0.00309883    0.00309574    
262144    0.000136002    0.000135866    
524288    0    0    
1.04858e+06    0    0    
