8    0.536715    0.536179    
16    0.258431    0.258173    
32    0.0965603    0.0964638    
64    0.0682422    0.068174    
128    0.0672876    0.0672204    
256    0.044537    0.0444925    
512    0.0166894    0.0166727    
1024    0.0354388    0.0354034    
2048    0.013727    0.0137133    
4096    0.0183056    0.0182873    
8192    0.00264777    0.00264512    
16384    0.0035887    0.00358511    
32768    0.000611729    0.000611118    
65536    0.000470154    0.000469685    
131072    0.00250942    0.00250691    
262144    0.00163358    0.00163194    
524288    0.00152639    0.00152487    
1.04858e+06    0    0    
