8    0.245365    0.24512    
16    0.238584    0.238346    
32    0.318856    0.318538    
64    0.0109332    0.0109222    
128    0.144853    0.144709    
256    0.0443418    0.0442975    
512    0.0288651    0.0288363    
1024    0.0586021    0.0585436    
2048    0.0172574    0.0172401    
4096    0.0268125    0.0267857    
8192    0.00440071    0.00439632    
16384    0.000710343    0.000709634    
32768    0.00389451    0.00389062    
65536    0.00297442    0.00297145    
131072    3.29941e-05    3.29611e-05    
262144    0    0    
524288    0.00386208    0.00385822    
1.04858e+06    0    0    
