8    0.713602    0.712889    
16    0.25042    0.25017    
32    0.0341328    0.0340987    
64    0.0811733    0.0810923    
128    0.130372    0.130241    
256    0.0692113    0.0691422    
512    0.0764971    0.0764206    
1024    0.0111538    0.0111426    
2048    0.0163197    0.0163034    
4096    0.00636171    0.00635536    
8192    0.00392619    0.00392227    
16384    0.00444373    0.00443929    
32768    0.00122795    0.00122672    
65536    0.0030651    0.00306204    
131072    0.00169761    0.00169591    
262144    0.00046846    0.000467992    
524288    0.00176289    0.00176112    
1.04858e+06    0    0    
