8    0.128489    0.12836    
16    0.22365    0.223426    
32    0.0136441    0.0136305    
64    0.125692    0.125567    
128    0.138057    0.137919    
256    0.090975    0.0908841    
512    0.0585336    0.0584752    
1024    0.0972557    0.0971586    
2048    0.0393419    0.0393026    
4096    0.00061705    0.000616433    
8192    0.021557    0.0215354    
16384    0.0050439    0.00503886    
32768    0.00900909    0.00900009    
65536    0.00560844    0.00560284    
131072    0.0046779    0.00467323    
262144    0.0119458    0.0119339    
524288    6.61396e-05    6.60735e-05    
1.04858e+06    0    0    
