8    0.402828    0.402426    
16    0.0764636    0.0763872    
32    0.240959    0.240718    
64    0.128047    0.127919    
128    0.0887758    0.0886872    
256    0.0555949    0.0555394    
512    0.0139965    0.0139825    
1024    0.0182336    0.0182154    
2048    0.0629661    0.0629032    
4096    0.0210133    0.0209923    
8192    0.00111424    0.00111313    
16384    0.00359928    0.00359568    
32768    0.00137959    0.00137821    
65536    0.00126071    0.00125946    
131072    0.0101429    0.0101328    
262144    0.00175231    0.00175056    
524288    0.000450578    0.000450128    
1.04858e+06    0.00167197    0.0016703    
