8    0.0681596    0.0680915    
16    0.0533756    0.0533223    
32    0.0926239    0.0925313    
64    0.24531    0.245065    
128    0.253837    0.253583    
256    0.0155996    0.015584    
512    0.0133554    0.0133421    
1024    0.0270503    0.0270233    
2048    0.0231497    0.0231266    
4096    0.00955784    0.00954829    
8192    0.00213411    0.00213198    
16384    0.00754798    0.00754044    
32768    0.0105604    0.0105498    
65536    0.00138006    0.00137868    
131072    0.000232046    0.000231814    
262144    0.00223592    0.00223368    
524288    5.51721e-05    5.5117e-05    
1.04858e+06    0    0    
