8    0.176252    0.176076    
16    0.183349    0.183166    
32    0.027578    0.0275504    
64    0.074228    0.0741538    
128    0.179341    0.179162    
256    0.0872383    0.0871512    
512    0.113354    0.11324    
1024    0.0044094    0.004405    
2048    0.0152559    0.0152407    
4096    0.0129301    0.0129172    
8192    0.00999004    0.00998006    
16384    0.0134596    0.0134461    
32768    0.00874918    0.00874044    
65536    0.00088441    0.000883527    
131072    0.00211764    0.00211553    
262144    0.00143593    0.0014345    
524288    0    0    
1.04858e+06    0.00584352    0.00583768    
