8    0.181657    0.181476    
16    0.578973    0.578394    
32    1.0413    1.04026    
64    0.217378    0.217161    
128    0.18069    0.180509    
256    0.207567    0.20736    
512    0.0340164    0.0339824    
1024    0.0517511    0.0516994    
2048    0.00716756    0.0071604    
4096    0.00484131    0.00483647    
8192    0.00102613    0.00102511    
16384    0.00153442    0.00153289    
32768    0.0158099    0.0157941    
65536    0.00309813    0.00309504    
131072    0.00280976    0.00280695    
262144    0.00142391    0.00142249    
524288    0.000131002    0.000130871    
1.04858e+06    0.000710379    0.000709669    
