8    1.20909    1.20788    
16    0.233527    0.233294    
32    0.177406    0.177228    
64    0.312824    0.312512    
128    0.138132    0.137994    
256    0.028554    0.0285255    
512    0.0300582    0.0300281    
1024    0.016457    0.0164405    
2048    0.0288291    0.0288003    
4096    0.0469566    0.0469097    
8192    0.0230429    0.0230199    
16384    0.00960063    0.00959104    
32768    0.00445425    0.0044498    
65536    1.43515e-05    1.43372e-05    
131072    0.000334331    0.000333997    
262144    0.000350582    0.000350232    
524288    0.0014316    0.00143017    
1.04858e+06    8.81611e-08    8.8073e-08    
