8    0.285181    0.284896    
16    0.292092    0.2918    
32    0.298577    0.298279    
64    0.0122993    0.012287    
128    0.156867    0.156711    
256    0.0286554    0.0286268    
512    0.0836558    0.0835722    
1024    0.0313782    0.0313468    
2048    0.0303359    0.0303056    
4096    0.0242082    0.024184    
8192    0.0271198    0.0270927    
16384    0.00616979    0.00616363    
32768    0.00218326    0.00218107    
65536    0.000669892    0.000669223    
131072    0.00123964    0.0012384    
262144    0.0136089    0.0135953    
524288    0    0    
1.04858e+06    2.796e-06    2.79321e-06    
