8    0.448804    0.448356    
16    0.761242    0.760481    
32    0.513002    0.51249    
64    0.0954279    0.0953326    
128    0.00331616    0.00331285    
256    0.0481422    0.0480942    
512    0.0577395    0.0576818    
1024    0.0117494    0.0117376    
2048    0.0287185    0.0286898    
4096    0.0179898    0.0179719    
8192    0.00734226    0.00733493    
16384    0.00934961    0.00934027    
32768    0.00221809    0.00221587    
65536    0.000996075    0.00099508    
131072    5.3312e-05    5.32587e-05    
262144    0.000490371    0.000489881    
524288    0    0    
1.04858e+06    0.000325982    0.000325657    
