8    0.774834    0.77406    
16    0.412043    0.411632    
32    0.246099    0.245854    
64    0.223447    0.223223    
128    0.115221    0.115106    
256    0.161247    0.161086    
512    0.0530998    0.0530468    
1024    0.0564364    0.0563801    
2048    0.0301507    0.0301206    
4096    0.00334817    0.00334482    
8192    0.0247954    0.0247706    
16384    0.000119204    0.000119084    
32768    0.000601291    0.00060069    
65536    0.0102789    0.0102686    
131072    0.000757363    0.000756607    
262144    2.10119e-06    2.09909e-06    
524288    0    0    
1.04858e+06    0    0    
