64    18.2827    17.2885    17.1967    17.156    
128    18.1269    17.3231    17.1431    17.1663    
256    18.1011    17.2527    17.1627    17.286    
512    18.3628    17.4221    17.2103    17.1705    
1024    18.1022    17.2627    17.2235    17.1597    
2048    18.1077    17.3133    17.1597    17.1973    
4096    18.1119    17.4197    17.3951    17.2678    
8192    18.1651    17.2704    17.1798    17.8546    
16384    18.0928    17.2886    17.1403    17.7823    
32768    18.0393    17.2901    17.2294    20.427    
65536    18.2433    17.2927    17.162    19.6788    
131072    18.1204    17.3407    17.1697    19.9707    
262144    18.0755    17.2637    17.1549    20.5671    
524288    20.4816    17.4247    17.1991    19.6883    
1.04858e+06    23.2667    17.2643    17.1427    19.8042    
2.09715e+06    48.4032    17.4198    17.1287    20.4485    
4.1943e+06    55.8231    17.3525    17.148    20.2658    
8.38861e+06    54.3674    17.2709    17.187    20.0478    
1.67772e+07    55.5725    17.4747    17.139    20.0041    
3.35544e+07    54.9132    17.2549    17.1389    19.9522    
6.71089e+07    58.4931    17.283    17.1249    19.9921    
