64    18.8225    17.4792    17.1341    17.1732    
128    18.766    17.3157    17.1691    17.2089    
256    18.243    18.0852    17.799    17.2122    
512    18.4464    17.6353    17.3071    17.1372    
1024    18.2964    17.6917    17.3317    17.2396    
2048    18.4208    17.788    17.1871    17.1839    
4096    18.5071    17.5258    17.3819    17.1896    
8192    18.8049    17.4081    17.1511    17.4935    
16384    18.7558    17.3771    17.2467    18.1771    
32768    18.5323    17.5621    17.3732    22.0102    
65536    19.2736    17.6734    17.3348    19.5424    
131072    19.0069    17.2087    17.7215    20.3902    
262144    20.8824    17.4411    17.6135    20.3773    
524288    34.699    17.7288    17.203    19.6709    
1.04858e+06    55.4157    17.1594    17.2579    29.3347    
2.09715e+06    66.1623    17.4633    17.246    19.9314    
4.1943e+06    72.5448    17.1262    17.5424    26.8784    
8.38861e+06    73.6749    17.2027    17.1359    21.5459    
1.67772e+07    73.8125    17.3045    17.2353    23.6538    
3.35544e+07    73.9668    17.15    17.2026    27.8567    
6.71089e+07    77.9731    17.5732    17.1803    21.4447    
