64    19.3959    18.0131    17.6222    17.8394    
128    18.4663    17.5436    17.6117    17.9116    
256    18.7549    17.9889    17.2882    17.2605    
512    18.1566    17.6259    17.6709    17.6634    
1024    18.339    17.2319    17.807    17.7404    
2048    22.5065    17.4781    17.3606    17.9544    
4096    18.4753    17.4615    17.5222    17.9878    
8192    18.5533    17.5401    17.4307    17.8517    
16384    18.6918    17.8676    17.8323    20.7493    
32768    18.901    17.6745    17.6884    26.5805    
65536    19.5214    17.6032    17.5992    19.5849    
131072    18.448    17.8384    17.7638    31.2241    
262144    25.5154    17.5477    17.3763    29.1963    
524288    35.7454    17.7378    17.6887    44.0797    
1.04858e+06    63.493    17.5545    17.341    19.7028    
2.09715e+06    70.0593    18.0175    18.1167    34.7034    
4.1943e+06    75.6382    17.417    17.2914    25.7519    
8.38861e+06    66.9283    17.4662    17.7828    41.4969    
1.67772e+07    77.0131    17.5327    17.7243    34.3768    
3.35544e+07    75.1812    17.235    17.3177    26.2255    
6.71089e+07    83.6967    17.2364    17.2141    19.9244    
1.34218e+08    72.6879    17.2502    17.3719    25.0155    
2.68435e+08    5628.15    17.5719    17.4555    19.2129    
