64    18.2859    17.5005    17.6431    17.1825    
128    18.1684    17.6412    17.8619    17.258    
256    19.0858    17.4615    17.5585    17.6707    
512    18.1377    17.2326    17.1414    17.4004    
1024    18.6978    17.1683    17.1135    17.619    
2048    18.603    17.1444    17.1387    17.595    
4096    18.9752    17.2352    17.7823    17.4567    
8192    18.2903    17.3595    17.7492    17.8355    
16384    18.4357    17.4288    17.6004    17.8067    
32768    18.3832    17.4991    17.5244    18.6074    
65536    18.5755    17.6233    17.4112    19.171    
131072    19.0989    17.8215    17.3821    22.2498    
262144    23.0893    17.3185    17.6182    20.1228    
524288    27.7467    17.1258    17.5447    25.2434    
1.04858e+06    60.0987    17.1641    17.1773    20.8895    
2.09715e+06    69.6247    17.699    17.4412    19.653    
4.1943e+06    78.4945    17.5238    17.6097    20.1424    
8.38861e+06    79.7814    17.1214    17.2662    23.475    
1.67772e+07    77.9299    17.3291    17.661    20.0066    
3.35544e+07    77.3325    17.1661    17.1576    27.2644    
6.71089e+07    79.8303    17.6668    17.4144    22.2456    
