64    151.446    105.132    104.169    104.52    
128    150.914    104.387    103.588    104.745    
256    150.336    104.194    105.905    106.164    
512    149.228    104.486    104.57    105.899    
1024    151.207    104.659    104.12    105.986    
2048    149.304    104.159    105.283    107.758    
4096    152.264    104.174    104.342    110.247    
8192    153.489    105.636    102.766    111.988    
16384    157.37    105.632    104.013    115.462    
32768    157.306    104.18    104.357    112.215    
65536    159.778    103.665    105.009    119.406    
131072    162.057    104.337    104.407    121.184    
262144    168.482    104.66    104.646    116.201    
524288    172.606    104.763    104.886    114.447    
1.04858e+06    207.762    103.005    102.959    109.873    
2.09715e+06    266.074    102.832    103.034    109.984    
4.1943e+06    302.526    102.938    102.908    110.798    
8.38861e+06    283.67    104.08    103.342    112.774    
1.67772e+07    285.992    103.463    105.673    141.886    
3.35544e+07    284.897    103.206    102.92    109.599    
