64    19.2526    16.4418    16.512    17.0229    
128    18.7587    16.464    16.5271    16.9104    
256    18.486    16.7916    16.8898    16.4478    
512    18.5208    16.7555    16.8111    16.4438    
1024    18.5785    17.0074    16.8023    16.6352    
2048    19.0086    17.0116    16.828    16.4536    
4096    18.5026    16.4639    16.9341    17.1256    
8192    18.7442    16.4795    17.062    17.2885    
16384    18.6642    16.4675    17.0471    17.9282    
32768    18.4878    16.5194    17.055    18.9858    
65536    18.5068    16.6537    16.4447    20.9699    
131072    19.4434    16.4468    16.632    22.9562    
262144    19.2838    16.4619    16.7651    20.062    
524288    29.902    16.4907    16.8368    19.5296    
1.04858e+06    45.3906    16.4156    16.8238    21.9382    
2.09715e+06    62.0836    16.4855    16.9342    19.8089    
4.1943e+06    67.5483    16.8863    16.4383    18.7287    
8.38861e+06    79.9549    16.9019    16.7768    19.1611    
1.67772e+07    72.0967    16.4402    17.1173    19.3169    
3.35544e+07    69.0443    16.4589    16.5673    22.274    
6.71089e+07    71.5258    16.4146    16.8043    20.83    
