64    18.4542    17.7812    17.2289    17.2405    
128    18.0584    17.4584    17.8233    17.2021    
256    18.0501    17.3547    17.6995    17.1321    
512    18.1507    17.4479    17.6212    17.1195    
1024    18.8506    17.8533    17.3588    17.6249    
2048    18.0824    17.2605    17.5279    17.7245    
4096    18.0706    17.0933    17.5406    17.6011    
8192    18.0871    17.2513    17.6535    17.5305    
16384    18.2762    17.0775    17.0865    19.1808    
32768    18.5805    17.2572    17.0876    19.2983    
65536    18.2236    17.0692    17.1182    22.2307    
131072    18.4809    17.2552    17.1264    19.5626    
262144    20.9126    17.1775    17.6167    20.9837    
524288    26.0329    17.2615    17.1061    26.2307    
1.04858e+06    35.8818    18.0998    17.694    22.1151    
2.09715e+06    57.6743    17.081    17.7523    20.1331    
4.1943e+06    67.9285    17.3257    17.245    23.0568    
8.38861e+06    68.2794    17.3114    17.4468    22.71    
1.67772e+07    67.9399    17.1328    17.5868    23.3185    
3.35544e+07    73.4726    17.1231    17.4644    25.9925    
6.71089e+07    72.1662    17.5809    17.4794    19.4903    
