64    18.2777    17.7755    17.0939    17.1036    
128    18.064    17.3864    17.5551    17.3827    
256    18.0689    17.1379    17.1032    17.0659    
512    18.2095    17.3471    17.2838    17.0816    
1024    18.0473    17.0805    17.0685    17.081    
2048    18.0298    17.314    17.0984    17.147    
4096    18.0509    17.1427    17.0725    17.1615    
8192    18.0556    17.3046    17.1526    17.3558    
16384    18.0725    17.095    17.1427    18.1369    
32768    18.0627    17.3369    17.153    18.6503    
65536    18.0747    17.1045    17.1276    19.527    
131072    18.0691    17.4408    17.1342    19.3378    
262144    18.1738    17.0851    17.0754    19.599    
524288    24.91    17.2862    17.0789    19.6412    
1.04858e+06    28.0253    17.1015    17.0706    19.4034    
2.09715e+06    60.0463    17.129    17.1019    19.576    
4.1943e+06    66.2049    17.0626    17.0834    21.3547    
8.38861e+06    67.281    17.0832    17.0822    23.4365    
1.67772e+07    67.8761    17.0768    17.1352    21.6772    
3.35544e+07    68.0291    17.237    17.3132    20.0164    
6.71089e+07    71.0512    17.1755    17.0949    20.0753    
1.34218e+08    73.9703    17.2362    17.1292    21.0336    
2.68435e+08    3394.94    17.0704    17.1108    19.5246    
