64    18.3708    17.5587    17.508    17.3134    
128    18.3794    17.6758    17.9995    18.4006    
256    18.2682    17.1694    17.5793    17.6084    
512    18.2101    17.1429    17.1768    17.4303    
1024    18.6135    17.1369    17.8569    17.8005    
2048    18.3694    17.1152    17.1425    17.7159    
4096    18.5773    17.1239    17.1701    18.199    
8192    19.092    17.5213    17.1355    17.4968    
16384    18.5648    17.5228    17.6498    17.8235    
32768    18.348    17.5541    17.5031    18.6275    
65536    18.5494    17.6647    17.309    19.4865    
131072    19.46    17.8935    17.3297    23.5086    
262144    22.525    17.3588    17.7231    20.1322    
524288    29.1735    17.7628    17.2852    19.8512    
1.04858e+06    56.5083    17.1913    17.2992    27.4739    
2.09715e+06    67.8883    17.1727    17.1372    20.3752    
4.1943e+06    72.3203    18.3103    17.2313    23.82    
8.38861e+06    73.0626    17.1204    17.1519    23.1433    
1.67772e+07    79.0346    17.4635    17.5341    19.9936    
3.35544e+07    73.6578    17.2676    17.2434    28.2944    
6.71089e+07    79.2372    17.4207    17.2309    21.2528    
