64    18.9229    17.2901    17.3871    17.3616    
128    18.7863    17.2325    17.134    17.3814    
256    18.7949    17.1699    17.1269    17.4692    
512    18.6286    17.1709    17.1824    17.5676    
1024    18.6876    17.2134    17.2122    17.1793    
2048    18.4514    17.8327    17.3347    17.2545    
4096    18.5732    17.4452    17.2142    17.9403    
8192    18.4056    17.2848    17.2368    17.3807    
16384    18.9808    17.6997    17.4911    17.6871    
32768    18.3561    17.1747    17.111    20.0674    
65536    19.1451    17.1546    17.2805    27.6322    
131072    19.4085    17.18    17.1668    19.4968    
262144    21.5751    17.3736    17.134    19.7814    
524288    29.1664    17.1205    17.1463    30.0043    
1.04858e+06    57.2345    17.6164    17.4169    19.953    
2.09715e+06    65.9369    17.2848    17.1692    21.6541    
4.1943e+06    83.8184    17.5307    17.1866    19.6252    
8.38861e+06    71.9801    17.7192    17.2246    26.667    
1.67772e+07    83.9412    17.2891    17.1229    19.9078    
3.35544e+07    79.1289    17.5728    17.3783    19.6067    
6.71089e+07    83.4814    17.5571    17.1715    19.678    
