64    19.1269    17.4431    17.2151    17.2071    
128    18.2491    17.638    17.3264    17.1853    
256    18.4877    17.6189    17.3083    17.2118    
512    18.8699    17.8186    17.2837    17.1574    
1024    18.1855    17.5457    17.7155    17.348    
2048    18.2673    17.5663    17.7675    17.2547    
4096    18.2949    17.5776    17.8232    17.2233    
8192    18.2737    17.3829    17.5939    18.9331    
16384    18.9983    17.2102    17.3301    17.8923    
32768    18.4405    17.8676    17.3543    19.5001    
65536    18.9577    17.1809    17.1837    24.808    
131072    19.3477    17.2422    17.2249    24.7134    
262144    29.5997    17.1802    17.1783    21.817    
524288    27.1865    17.1695    17.3731    22.8535    
1.04858e+06    59.6739    17.8155    17.5182    25.3344    
2.09715e+06    72.286    17.1829    17.2163    19.5255    
4.1943e+06    80.3715    17.6651    17.6475    29.2682    
8.38861e+06    78.6739    17.6957    17.1866    20.4952    
1.67772e+07    75.3442    17.1948    17.1628    21.3185    
3.35544e+07    73.0974    17.2686    17.5033    26.8456    
6.71089e+07    86.1675    17.598    17.7807    24.2747    
