64    18.2554    17.3259    17.8216    17.2241    
128    18.1712    17.5775    17.8658    17.2177    
256    18.1901    17.4991    17.6074    17.2221    
512    18.569    17.976    18.3091    17.969    
1024    18.8393    17.9183    17.3746    17.5794    
2048    19.4987    17.4027    17.8365    17.5002    
4096    18.545    17.6539    17.2207    17.2494    
8192    18.6533    17.6502    17.5737    17.5101    
16384    18.7859    17.5141    17.1337    17.9511    
32768    18.4071    17.5255    17.4147    18.4171    
65536    18.5739    18.0266    17.7285    21.9563    
131072    19.0319    17.1399    17.1832    22.5202    
262144    22.5104    18.0319    17.5558    19.9497    
524288    28.8969    17.9613    17.2151    19.7944    
1.04858e+06    56.1596    17.4054    17.6622    20.1522    
2.09715e+06    63.7227    17.1555    17.2099    29.4691    
4.1943e+06    73.8073    17.7422    17.1865    19.7541    
8.38861e+06    74.9294    17.9154    17.5271    31.2911    
1.67772e+07    75.3059    17.2577    17.6389    25.1269    
3.35544e+07    78.1558    18.1986    18.0865    48.8089    
6.71089e+07    85.5907    17.6777    17.1745    20.1491    
