64    18.3833    17.1561    17.6071    17.3739    
128    18.1789    17.1733    17.7182    17.8112    
256    18.4796    17.6124    17.2369    17.2405    
512    18.5909    17.5394    17.1136    17.2386    
1024    18.7709    17.4889    17.1271    17.1929    
2048    18.7454    17.4404    17.1251    17.2787    
4096    19.0103    17.2825    17.1763    17.3712    
8192    18.8722    17.3186    17.1705    17.798    
16384    18.8331    17.1114    17.1703    18.2635    
32768    18.9033    17.2759    17.2214    19.8318    
65536    18.9554    17.1367    17.1822    20.1187    
131072    18.9679    17.2434    17.6513    19.681    
262144    20.4771    17.6911    17.504    20.424    
524288    30.8189    17.6464    17.1245    21.2847    
1.04858e+06    64.9786    17.2172    17.6743    21.678    
2.09715e+06    73.3249    17.1428    17.6112    20.4305    
4.1943e+06    73.833    17.3045    17.711    19.9002    
8.38861e+06    73.2464    17.1458    17.6255    21.0178    
1.67772e+07    79.5006    17.1375    17.2865    26.1692    
3.35544e+07    71.7341    17.2731    17.1919    24.5455    
6.71089e+07    78.9251    17.1985    17.6415    20.7663    
