64    19.9631    18.0657    17.9558    18.0589    
128    19.0879    17.1462    17.4341    17.4492    
256    18.1568    17.1243    17.1551    17.3448    
512    18.8714    17.1444    17.1145    17.3673    
1024    19.2315    17.1672    17.2274    17.5037    
2048    20.2864    17.1628    17.1475    17.6152    
4096    19.1032    17.122    17.113    17.3176    
8192    18.6706    17.5952    17.2516    17.8106    
16384    18.8281    18.0374    17.5606    18.0605    
32768    18.4147    17.1463    17.373    19.5739    
65536    18.6012    17.132    17.5806    26.3201    
131072    18.8417    17.2696    17.6911    19.887    
262144    22.5693    17.496    17.5686    19.4461    
524288    26.6255    17.9059    17.1564    29.6772    
1.04858e+06    50.9369    17.1228    17.3246    25.5043    
2.09715e+06    59.52    17.3394    17.1394    20.0971    
4.1943e+06    69.9846    17.709    17.1753    20.8177    
8.38861e+06    71.4768    17.1894    17.1948    26.3738    
1.67772e+07    80.4014    17.8774    17.5733    19.809    
3.35544e+07    76.5982    17.1354    17.148    24.3852    
6.71089e+07    79.7283    17.3007    17.5002    26.5233    
