64    18.2365    17.1671    17.1914    17.1234    
128    18.183    17.1478    17.1521    17.1274    
256    18.0962    17.1674    17.1186    17.3531    
512    18.2554    17.1434    17.1802    17.1438    
1024    18.1875    17.1497    17.1767    17.1579    
2048    18.1139    17.1467    17.1313    17.2189    
4096    18.0727    17.3582    17.222    17.1975    
8192    18.092    17.1428    17.1553    17.5225    
16384    18.0669    17.1506    17.1538    18.3628    
32768    18.0573    17.1311    17.2735    18.7287    
65536    18.0932    17.1425    17.1408    19.4306    
131072    18.0721    17.1291    17.1481    19.1178    
262144    18.1832    17.1966    17.1344    19.9962    
524288    24.2037    17.1482    17.1377    19.6264    
1.04858e+06    28.1028    17.1372    17.1241    19.809    
2.09715e+06    43.7341    17.1489    17.1187    20.0977    
4.1943e+06    55.9205    17.2046    17.1207    19.9266    
8.38861e+06    54.4405    17.1557    17.1047    22.5313    
1.67772e+07    55.9627    17.1682    17.1912    19.9139    
3.35544e+07    55.0172    17.1664    17.1572    20.1182    
6.71089e+07    57.628    17.1626    17.133    19.8704    
