64    18.732    17.7103    17.1948    17.6664    
128    18.2323    17.4643    17.5711    17.2728    
256    18.2603    17.5784    17.4808    17.3414    
512    18.8269    17.2455    17.1852    17.3594    
1024    18.7576    17.1341    17.6376    17.5387    
2048    18.1976    17.3181    17.5812    17.6329    
4096    18.2359    17.2373    17.6873    17.3001    
8192    18.5027    17.4024    17.6657    17.2526    
16384    18.7806    18.1137    17.157    18.0062    
32768    18.5879    17.6488    17.6075    18.5442    
65536    19.1256    17.2562    17.1436    21.329    
131072    19.9671    17.1445    17.3149    23.8674    
262144    20.5994    17.2053    17.3308    22.7853    
524288    22.7198    17.1287    17.5533    22.0554    
1.04858e+06    33.838    17.7033    17.5929    22.7038    
2.09715e+06    51.2335    17.2757    17.1192    21.5935    
4.1943e+06    68.0933    17.1538    17.1376    22.6255    
8.38861e+06    70.5933    17.1313    17.5912    25.2749    
1.67772e+07    71.0388    17.4482    17.8737    29.5724    
3.35544e+07    83.9047    17.7203    17.4222    19.4188    
6.71089e+07    76.3947    17.4087    17.6969    19.4831    
