64    18.4657    17.1543    17.2125    17.7189    
128    18.3743    17.1952    17.1129    17.1986    
256    18.7864    17.3701    17.1376    17.3389    
512    18.8335    17.2006    17.1221    17.3207    
1024    18.7165    17.1527    17.123    18.0661    
2048    18.8566    17.7494    17.1548    17.2547    
4096    18.708    17.7444    17.2145    17.2102    
8192    18.2465    17.1202    17.104    19.0818    
16384    18.5946    17.2451    17.1387    17.8963    
32768    18.3604    17.13    17.3937    24.2737    
65536    18.5905    17.1222    17.1225    19.8232    
131072    18.9474    17.1343    17.1184    19.9486    
262144    22.8838    17.6713    17.1385    23.5467    
524288    34.02    17.1804    17.1696    22.9387    
1.04858e+06    49.5883    17.1235    17.152    24.165    
2.09715e+06    68.2805    17.3514    17.1495    20.0363    
4.1943e+06    72.9516    17.7677    17.2428    19.5503    
8.38861e+06    76.9944    17.7004    17.2182    19.6197    
1.67772e+07    72.635    17.4985    17.4645    19.7027    
3.35544e+07    73.6584    17.5617    17.5159    19.5869    
6.71089e+07    78.7107    17.1419    17.423    22.0194    
