64    18.6377    17.4063    17.3267    17.5443    
128    18.1821    17.1138    17.372    17.5757    
256    18.4036    17.164    17.4646    17.6555    
512    18.2186    17.6967    17.6076    17.47    
1024    18.2012    17.1414    17.5616    17.5256    
2048    18.2111    17.1629    17.7495    17.4275    
4096    18.1751    17.2218    17.679    17.3864    
8192    18.4015    17.3282    17.8074    17.3969    
16384    18.4065    17.3389    17.642    18.0098    
32768    18.6612    17.7802    17.6656    18.0708    
65536    18.5698    17.4642    17.5989    22.5075    
131072    19.1949    17.1181    17.61    21.9872    
262144    21.4192    17.2105    17.1706    23.0613    
524288    31.2967    17.3426    17.2237    22.9811    
1.04858e+06    62.2742    17.1567    17.2782    24.3095    
2.09715e+06    75.3348    17.1476    17.318    26.5007    
4.1943e+06    75.3934    17.3114    17.1282    22.2081    
8.38861e+06    73.6532    17.5437    17.4938    19.4885    
1.67772e+07    72.8483    17.1936    17.171    21.5894    
3.35544e+07    73.0789    17.6652    17.4099    20.2971    
6.71089e+07    85.7794    17.1275    17.1368    22.7767    
