64    18.3862    17.1502    17.1362    17.1684    
128    18.1523    17.3039    17.2546    17.1846    
256    18.1572    17.1498    17.1565    17.155    
512    18.4271    17.3396    17.1572    17.2423    
1024    18.1623    17.1619    17.1526    17.3573    
2048    18.2106    17.1768    17.1767    17.1664    
4096    18.2372    17.1177    17.4234    17.2921    
8192    18.2886    17.1661    17.1129    17.523    
16384    18.3149    17.2713    17.1428    17.5604    
32768    18.3721    17.1419    17.1387    20.8131    
65536    18.5316    17.1542    17.1622    19.7058    
131072    19.1629    17.1049    17.1931    21.293    
262144    20.9807    17.147    17.1631    19.9599    
524288    35.335    17.1412    17.2419    19.4796    
1.04858e+06    47.3692    17.1263    17.3287    19.7036    
2.09715e+06    62.903    17.2913    17.2966    19.6088    
4.1943e+06    70.9124    17.1849    17.4916    30.839    
8.38861e+06    72.4797    17.3195    17.1708    19.5008    
1.67772e+07    71.8264    17.2408    17.1814    20.8777    
3.35544e+07    79.3844    17.1685    17.1351    19.4865    
6.71089e+07    90.8971    17.1539    17.1529    19.6936    
