64    18.6047    17.5295    17.5418    17.1485    
128    18.1564    17.627    17.3707    17.2297    
256    18.252    17.7364    17.3622    17.3816    
512    18.388    18.2318    17.1912    17.4867    
1024    18.5801    17.1955    17.1229    17.6526    
2048    18.5907    17.1594    17.1369    17.683    
4096    18.6394    17.2017    17.1325    17.8004    
8192    18.3964    17.1869    17.1544    18.5161    
16384    18.3785    17.1609    17.4617    19.2933    
32768    19.099    17.2356    17.2045    18.8067    
65536    19.1343    17.114    17.1143    20.3376    
131072    20.2903    17.855    17.1176    20.1354    
262144    25.1466    17.524    17.5137    20.1879    
524288    31.4794    17.1984    17.6923    21.3002    
1.04858e+06    45.3897    17.4745    17.1341    22.4408    
2.09715e+06    59.7891    17.3072    17.6793    19.7871    
4.1943e+06    69.7048    17.1239    17.6539    23.9228    
8.38861e+06    73.7961    17.3127    17.1254    20.3967    
1.67772e+07    74.4958    17.1876    17.1926    30.7195    
3.35544e+07    72.9473    17.6136    17.1918    19.7381    
6.71089e+07    80.3018    17.2801    17.1113    20.0758    
