64    20.586    25.4263    25.3807    25.3591    
128    20.5112    25.4907    25.3552    25.3227    
256    20.4884    25.3965    25.4981    25.423    
512    20.4656    25.3878    25.3585    25.5444    
1024    20.5415    25.3553    25.3649    25.9475    
2048    20.5077    25.3783    25.3804    26.1564    
4096    20.4908    25.4364    25.3945    26.4702    
8192    20.5711    25.523    25.3771    26.3295    
16384    20.6331    25.3751    25.3822    26.9747    
32768    20.4533    25.3981    25.4138    27.7901    
65536    20.4015    25.4734    25.3203    29.0404    
131072    24.2174    25.3174    25.319    30.0281    
262144    22.1547    25.3754    25.3682    30.2504    
524288    35.4508    25.4038    25.3513    31.6839    
1.04858e+06    50.6601    25.4777    25.3934    31.2289    
2.09715e+06    68.3084    25.6689    26.0421    32.2673    
4.1943e+06    71.9888    25.3151    25.3198    30.669    
8.38861e+06    77.86    25.9887    25.7587    31.2504    
1.67772e+07    74.6722    26.4948    26.0574    31.2866    
3.35544e+07    81.9437    26.0901    26.2835    33.1015    
6.71089e+07    88.2854    26.9942    25.5217    31.2002    
