64    18.5906    17.8372    17.2174    17.2296    
128    18.5752    17.8982    17.6802    17.2644    
256    18.2537    17.4757    17.7804    17.4449    
512    18.2644    17.4198    17.7061    17.2975    
1024    18.2966    17.5995    17.7589    17.6763    
2048    18.1488    17.1384    17.4884    17.7342    
4096    18.2823    17.3363    17.6207    17.6982    
8192    18.4729    17.1745    17.6196    17.9133    
16384    18.8039    17.6784    17.1482    17.6175    
32768    19.0987    17.7725    17.3216    18.6637    
65536    19.198    17.4899    17.1962    19.8966    
131072    21.9631    17.3428    17.1613    22.2968    
262144    23.7589    17.1839    17.2904    26.7918    
524288    37.1468    17.157    17.2021    22.5926    
1.04858e+06    61.1555    17.6733    17.4899    20.1437    
2.09715e+06    62.8438    17.5748    17.575    22.5228    
4.1943e+06    54.031    17.6607    17.5662    21.4674    
8.38861e+06    53.5763    17.7193    17.6348    27.9103    
1.67772e+07    46.1468    17.3985    17.3379    20.5549    
3.35544e+07    60.9837    17.2238    17.2089    24.192    
6.71089e+07    71.4138    17.8383    17.3111    19.723    
