64    21.2357    17.2637    17.9394    17.5859    
128    21.2159    17.2514    17.3155    17.8603    
256    18.7828    17.0962    17.2589    17.6587    
512    18.6199    17.1526    17.3482    18.1234    
1024    18.4381    17.6039    17.6442    17.4111    
2048    18.3265    17.2377    17.5655    17.559    
4096    18.2414    17.1251    17.6049    17.5855    
8192    18.3158    17.1634    17.656    17.7568    
16384    18.4545    17.2351    17.67    17.9835    
32768    18.4183    17.3081    17.6524    18.695    
65536    18.5547    17.5367    17.6709    19.7593    
131072    19.2292    17.6158    17.4467    20.9551    
262144    21.2903    17.6991    17.6067    19.9901    
524288    30.0241    17.1331    17.1314    19.3659    
1.04858e+06    60.8771    17.2337    17.3993    24.0866    
2.09715e+06    66.4961    17.3525    17.6846    20.0262    
4.1943e+06    73.1124    17.2486    17.707    25.9324    
8.38861e+06    76.1786    17.1374    17.3625    22.5048    
1.67772e+07    76.3746    17.2018    17.1213    21.77    
3.35544e+07    79.0524    17.126    17.4726    22.7861    
6.71089e+07    76.9494    17.2405    17.0953    24.2588    
