64    18.8284    17.3059    17.1256    17.1295    
128    18.6859    17.3543    17.1427    17.147    
256    18.3365    17.6642    17.4432    17.3324    
512    18.3377    17.8128    17.2883    17.1307    
1024    18.3055    18.4573    17.6434    17.2866    
2048    18.1878    17.2181    17.6627    17.3034    
4096    18.217    17.4677    17.1997    17.8251    
8192    18.4355    17.1239    17.2061    18.3913    
16384    18.3726    17.1838    17.4412    18.931    
32768    18.3534    17.1266    17.3745    21.5036    
65536    18.6067    17.2701    17.6295    20.1483    
131072    18.8902    17.2252    17.6489    19.9563    
262144    21.4188    17.2096    17.2497    30.1938    
524288    29.2402    17.2836    17.6848    19.9531    
1.04858e+06    46.8717    17.456    17.1069    19.7613    
2.09715e+06    64.1805    17.2603    17.2966    23.0026    
4.1943e+06    71.4592    17.1862    17.128    19.4032    
8.38861e+06    74.1038    17.8806    17.6562    25.116    
1.67772e+07    76.5197    17.6635    17.2372    19.4291    
3.35544e+07    74.4911    17.2067    17.3659    22.4336    
6.71089e+07    77.2572    18.07    17.1131    23.5874    
