64    18.4231    17.8013    17.3053    17.1476    
128    18.2673    17.7645    17.2442    17.2492    
256    18.6117    17.8435    17.1771    17.1306    
512    18.3264    17.2478    17.1976    17.7756    
1024    18.5873    17.1343    17.1331    17.1374    
2048    18.2621    17.1963    17.2733    18.1667    
4096    18.3535    17.1178    17.3056    17.2086    
8192    18.2308    17.1273    17.1228    17.4653    
16384    19.1944    17.5005    17.1993    17.9361    
32768    18.2862    17.1357    17.1135    19.3272    
65536    18.7992    17.8402    17.3268    19.8472    
131072    19.3397    17.1769    17.7142    20.0127    
262144    21.5956    17.4739    17.5895    19.9257    
524288    30.2849    17.5995    17.1954    19.8112    
1.04858e+06    29.6095    17.6598    17.3382    19.9906    
2.09715e+06    42.4491    17.1619    17.3186    30.4584    
4.1943e+06    61.7146    17.2088    17.2631    24.01    
8.38861e+06    74.2745    17.5494    17.2942    19.7481    
1.67772e+07    72.553    17.3221    17.1645    25.4052    
3.35544e+07    84.5184    17.5717    17.5293    21.4011    
6.71089e+07    77.7153    17.5642    17.3235    20.0667    
