64    18.455    17.4443    17.7261    17.3952    
128    18.2604    17.5496    17.6081    17.1518    
256    18.144    17.1528    17.5111    17.5578    
512    18.1407    17.1948    17.5833    17.4772    
1024    18.1256    17.1567    17.736    17.5115    
2048    18.3417    17.6732    17.1657    17.6961    
4096    18.5752    17.1615    17.113    17.3466    
8192    18.6375    17.4984    17.3928    17.6598    
16384    18.8458    17.459    17.1674    18.3775    
32768    18.9823    17.4852    17.1666    18.5392    
65536    19.3391    17.2857    17.1695    20.8729    
131072    21.7739    17.1277    17.1634    22.7924    
262144    24.8668    17.1603    17.3108    20.0318    
524288    29.094    17.1915    17.2102    25.1497    
1.04858e+06    46.3127    17.6545    17.7067    19.5327    
2.09715e+06    66.2637    17.1401    17.1271    20.5685    
4.1943e+06    79.2206    17.6977    17.2074    19.21    
8.38861e+06    79.5924    17.6251    17.6035    21.8331    
1.67772e+07    78.0941    17.5556    17.5307    24.6298    
3.35544e+07    76.3295    17.6779    17.2701    19.6277    
6.71089e+07    78.7673    17.9657    17.6858    22.2772    
