64    18.435    17.5171    17.4341    17.2218    
128    18.212    17.1661    17.3416    17.334    
256    19.4363    17.3151    17.4988    17.8637    
512    18.2635    17.1641    17.1853    17.4867    
1024    18.7136    17.2523    17.4455    17.6659    
2048    18.3689    17.755    17.3064    17.2258    
4096    18.4889    17.7021    17.2439    17.3813    
8192    18.6786    17.6008    17.1806    17.3709    
16384    18.7784    17.4793    17.1349    19.6775    
32768    19.0289    17.3097    17.1319    18.4539    
65536    18.5561    17.7592    17.3175    21.7011    
131072    19.4701    17.145    17.2413    25.4953    
262144    22.3389    17.1655    17.3735    22.4415    
524288    24.7472    17.1615    17.6882    21.5963    
1.04858e+06    42.9482    17.1455    17.7894    30.7819    
2.09715e+06    58.8126    17.4944    17.8234    19.587    
4.1943e+06    71.2908    17.1713    17.6034    25.0001    
8.38861e+06    74.9461    17.3243    17.1439    20.1969    
1.67772e+07    74.0977    17.4102    17.2362    19.6912    
3.35544e+07    74.2393    17.4168    17.8969    19.7695    
6.71089e+07    77.6252    17.3151    17.5316    22.1202    
