64    18.3359    17.1771    17.1508    17.1498    
128    18.2078    17.1753    17.4398    17.2585    
256    18.2079    17.1546    17.1687    17.183    
512    18.1863    17.366    17.1715    17.1996    
1024    18.2236    17.1606    17.1278    17.4059    
2048    18.4303    17.161    17.1991    17.2098    
4096    18.2627    17.1517    17.2657    17.3315    
8192    18.3315    17.1104    17.1711    17.5205    
16384    18.3094    17.3543    17.2207    17.8942    
32768    18.3858    17.1152    17.178    18.6444    
65536    18.7895    17.1913    17.193    19.9286    
131072    19.3108    17.1329    17.3534    20.018    
262144    21.7987    17.1434    17.185    19.2682    
524288    27.4423    17.2192    17.2432    19.7325    
1.04858e+06    58.7694    17.3191    17.2268    19.7043    
2.09715e+06    66.9784    17.1162    17.2895    22.0543    
4.1943e+06    72.0199    17.2117    17.3974    19.6783    
8.38861e+06    72.5839    17.1556    17.1168    21.8391    
1.67772e+07    74.7433    17.1723    17.1536    26.7744    
3.35544e+07    73.6892    17.1475    17.2287    26.4372    
6.71089e+07    90.5135    18.4555    18.4977    28.9085    
