64    18.813    17.3215    17.1159    17.148    
128    18.5781    17.6442    17.2381    17.1766    
256    18.4232    18.1131    17.6462    17.3997    
512    18.2641    17.156    17.1394    17.5393    
1024    18.4231    17.3696    17.6505    17.1292    
2048    18.1461    17.3455    17.5089    17.3495    
4096    18.1591    17.4968    17.5223    17.3036    
8192    18.183    17.6072    17.4116    18.3311    
16384    18.2692    17.1282    17.5439    19.1106    
32768    18.3502    17.1286    17.6346    20.1913    
65536    18.5963    17.2064    17.6033    19.7835    
131072    21.6421    17.3498    17.6353    20.3697    
262144    21.4049    17.6449    17.3096    19.7916    
524288    23.9686    17.6019    17.1604    19.9933    
1.04858e+06    34.9793    17.1505    17.144    23.8714    
2.09715e+06    36.407    17.317    17.3601    22.9345    
4.1943e+06    61.0303    17.2124    18.2538    22.518    
8.38861e+06    71.3723    17.166    17.1279    20.4891    
1.67772e+07    74.0109    17.1174    17.278    27.3351    
3.35544e+07    73.0383    17.5439    17.4687    19.8517    
6.71089e+07    76.8325    17.6512    17.8655    19.7865    
