64    18.3256    17.1378    17.5383    17.4525    
128    18.1528    17.1203    17.1288    17.4687    
256    18.7164    17.1759    17.1826    17.5817    
512    18.9246    17.6894    17.1504    17.1487    
1024    18.1607    17.3118    17.6776    17.1924    
2048    18.1933    17.3655    17.6281    17.4091    
4096    18.3748    17.6617    17.4813    17.2459    
8192    18.2571    17.1474    17.35    18.1692    
16384    18.2768    17.1199    17.4472    19.2428    
32768    18.3935    17.1421    17.613    20.8361    
65536    18.6747    17.1854    17.6951    20.6279    
131072    19.2577    17.4539    17.7067    19.7733    
262144    20.7461    18.2579    17.3108    25.8101    
524288    27.9178    17.2913    17.6101    19.6588    
1.04858e+06    62.214    17.6146    17.3685    19.9219    
2.09715e+06    74.9927    17.22    17.7521    20.2003    
4.1943e+06    73.0209    17.1176    17.3295    19.6713    
8.38861e+06    89.9711    17.2907    17.2664    20.0347    
1.67772e+07    73.1668    17.1641    17.3197    30.3474    
3.35544e+07    73.3103    17.7324    17.5907    20.7961    
6.71089e+07    76.6164    17.2802    17.7082    20.2726    
