64    18.7892    16.748    17.0831    16.8372    
128    18.5845    16.5415    16.695    17.2809    
256    18.8174    16.9148    17.0409    16.4991    
512    18.732    16.5278    16.7913    17.0072    
1024    18.575    16.4579    17.1935    17.1005    
2048    18.9224    16.439    16.418    16.5228    
4096    18.7825    17.021    16.5808    16.5221    
8192    18.7193    16.9645    16.5039    16.6895    
16384    18.8021    16.9648    16.4808    17.1972    
32768    19.3212    16.8944    16.621    17.752    
65536    19.4056    16.9046    16.4154    18.9081    
131072    20.4186    16.779    16.4406    18.8722    
262144    24.8644    16.5637    16.6572    25.2166    
524288    37.0201    16.5662    16.6717    29.0347    
1.04858e+06    53.1486    16.5163    16.7033    26.6225    
2.09715e+06    65.1849    16.7201    16.6043    22.527    
4.1943e+06    65.5152    16.7898    16.4226    28.6548    
8.38861e+06    67.6798    16.6277    16.8809    19.3031    
1.67772e+07    68.2715    16.9986    16.432    23.1182    
3.35544e+07    68.8244    16.4185    16.4203    18.9155    
6.71089e+07    74.4558    16.5149    16.5203    23.1906    
