64    18.2222    17.1663    17.143    17.185    
128    18.1249    17.1748    17.1832    17.3862    
256    18.1931    17.2159    17.1594    17.2209    
512    18.1201    17.1879    17.2184    17.209    
1024    18.1069    17.1394    17.2069    17.2163    
2048    18.1814    17.3737    17.1902    17.1845    
4096    18.1295    17.1528    17.2231    17.3404    
8192    18.0831    17.203    17.1879    17.5083    
16384    18.0671    17.157    17.397    17.9063    
32768    18.0772    17.1577    17.1549    18.567    
65536    18.0609    17.2098    17.3254    19.4437    
131072    18.0782    17.1597    17.1435    25.6009    
262144    20.1133    17.1567    17.1552    20.0176    
524288    18.6953    17.1779    17.1651    19.6679    
1.04858e+06    23.4977    17.1557    17.2112    19.752    
2.09715e+06    47.6211    17.1808    17.171    19.846    
4.1943e+06    50.8974    17.2612    17.1867    19.5127    
8.38861e+06    54.6491    17.2599    17.3268    20.3977    
1.67772e+07    55.0595    17.1703    17.1784    19.7612    
3.35544e+07    55.7428    17.4522    17.5111    25.5066    
6.71089e+07    59.0409    17.2094    17.3264    21.1111    
