64    18.6677    17.1985    17.2001    17.1863    
128    18.6527    17.716    17.7444    17.6285    
256    18.3218    17.2198    17.1803    17.1592    
512    18.8742    17.4125    17.413    17.7083    
1024    18.1497    17.3297    17.5295    17.5414    
2048    18.2151    17.1395    17.8601    17.7218    
4096    18.4107    17.6774    17.2135    17.1766    
8192    18.5303    17.658    17.2031    19.2847    
16384    18.5382    17.1442    17.1301    17.9714    
32768    19.2958    17.4453    17.1497    18.5706    
65536    18.5385    17.6335    17.5088    19.679    
131072    19.8866    17.6478    17.2174    19.8928    
262144    20.5195    17.2536    17.6214    23.2285    
524288    28.7898    17.7039    17.4251    19.9133    
1.04858e+06    56.8434    17.201    17.1529    19.6252    
2.09715e+06    73.0151    17.3759    17.8315    19.931    
4.1943e+06    75.7165    17.4574    17.6298    19.8529    
8.38861e+06    73.959    17.7381    17.2508    19.2353    
1.67772e+07    84.6139    17.4795    17.1621    20.2832    
3.35544e+07    74.9629    17.3546    17.7499    21.3524    
6.71089e+07    80.4132    17.7362    17.6803    21.4399    
