64    19.0482    17.4571    17.132    17.4176    
128    18.4617    18.1143    17.3871    17.1331    
256    18.1873    17.3955    17.2152    17.9042    
512    18.7835    17.1408    17.1179    17.1454    
1024    18.1859    17.1227    17.187    18.0803    
2048    18.5616    17.1082    17.2704    17.4606    
4096    18.2088    17.165    17.1424    17.1911    
8192    19.0767    17.5423    17.2621    17.4928    
16384    18.6349    17.1922    17.131    18.848    
32768    19.3983    17.2307    17.2138    18.7302    
65536    18.6955    17.1086    17.1604    23.6121    
131072    19.8261    17.1237    17.12    19.9258    
262144    26.3323    17.2441    17.1479    26.5773    
524288    31.5076    17.1105    17.3036    23.4907    
1.04858e+06    40.8543    17.3959    17.4662    19.6299    
2.09715e+06    63.3133    17.1367    17.4722    21.8076    
4.1943e+06    73.0986    17.1532    17.1239    24.5343    
8.38861e+06    73.2409    17.6989    17.1229    20.0292    
1.67772e+07    74.6326    17.6055    17.2325    20.0864    
3.35544e+07    75.5564    17.6151    17.586    20.0843    
6.71089e+07    81.4076    17.2497    17.5173    28.3812    
