64    19.1381    17.3176    17.189    17.2772    
128    18.7657    17.7529    17.2476    17.6173    
256    18.5421    17.2692    17.177    17.7282    
512    18.6157    17.1474    17.2021    18.0107    
1024    18.4607    17.5597    17.2455    17.9061    
2048    18.3152    17.1632    17.3359    18.1605    
4096    18.2849    17.1329    17.4324    17.8209    
8192    18.2653    17.1381    17.5423    18.7501    
16384    18.2743    17.158    17.6409    18.1165    
32768    18.4262    17.1783    17.6101    18.5772    
65536    18.6246    17.2873    17.7645    21.7944    
131072    21.6896    17.4417    17.1632    19.6163    
262144    20.3406    17.7171    17.4072    21.5858    
524288    23.6935    17.1351    17.1202    19.944    
1.04858e+06    34.5634    17.1283    17.3179    24.0945    
2.09715e+06    38.5213    17.223    17.6774    20.0606    
4.1943e+06    55.0684    17.2414    17.6415    19.8067    
8.38861e+06    60.8893    17.1781    17.2273    20.0576    
1.67772e+07    73.4684    17.7432    17.753    26.5981    
3.35544e+07    74.8804    17.3308    17.243    23.6037    
6.71089e+07    78.3771    17.6624    17.2195    19.8032    
