64    18.7385    17.141    17.3283    17.5228    
128    19.4934    17.1767    17.1574    17.6282    
256    18.5055    17.1282    17.1293    17.6559    
512    18.4618    17.1428    17.1146    17.7541    
1024    18.3004    17.1678    17.2794    17.731    
2048    18.33    17.1412    17.3349    17.7678    
4096    18.9942    17.1278    17.1371    17.3199    
8192    19.0964    17.3843    17.2153    17.817    
16384    18.755    17.118    17.1188    18.1739    
32768    18.9165    17.1472    17.1284    19.58    
65536    18.972    17.1323    17.3257    25.2183    
131072    19.5008    17.2085    17.2715    22.5653    
262144    20.2581    17.119    17.5149    21.4935    
524288    27.0832    17.1371    17.2427    28.5523    
1.04858e+06    65.711    17.8366    17.1199    22.8787    
2.09715e+06    75.059    17.311    17.298    29.2742    
4.1943e+06    72.8845    17.6296    17.118    20.0192    
8.38861e+06    68.6192    17.3098    17.5873    20.9626    
1.67772e+07    70.7394    17.4995    17.6008    19.6512    
3.35544e+07    73.9145    17.1664    17.1192    23.7836    
6.71089e+07    78.3779    17.1144    17.1529    22.3911    
