64    155.562    93.0252    93.3886    92.4741    
128    150.246    92.2558    93.6655    92.8808    
256    151.024    92.5191    93.8759    94.4858    
512    149.936    93.7296    92.7944    94.7037    
1024    150.181    93.424    93.7133    95.5879    
2048    150.749    92.4428    92.3902    96.9913    
4096    152.362    93.399    92.209    99.0795    
8192    154.817    107.355    95.9278    104.289    
16384    162.081    93.7913    93.025    108.009    
32768    157.501    92.6429    91.9805    102.536    
65536    156.495    92.394    92.6364    107.583    
131072    169.951    92.2787    92.6947    102.789    
262144    207.138    94.2333    93.4719    148.252    
524288    214.012    92.6317    92.6767    164.162    
1.04858e+06    286.587    100.62    96.4573    174.233    
2.09715e+06    294.914    99.8392    97.8758    180.52    
4.1943e+06    425.562    95.5722    94.2055    207.029    
8.38861e+06    296.482    93.2012    93.5695    140.668    
1.67772e+07    294.855    92.2272    92.3182    105.469    
3.35544e+07    300.823    92.7209    92.7253    122.265    
