64    18.4169    17.7117    17.3423    17.1697    
128    18.329    17.6286    17.2007    17.1357    
256    18.4085    17.652    17.1506    17.1511    
512    18.5028    17.3594    17.1396    17.1487    
1024    18.5075    17.488    17.1306    17.1619    
2048    18.8477    17.4441    17.1699    17.2626    
4096    18.9746    17.3149    17.3293    17.3351    
8192    18.8219    17.231    17.225    17.6101    
16384    18.2831    17.6779    17.4081    17.811    
32768    18.4826    17.6924    17.2274    20.3867    
65536    18.5836    17.2791    17.6796    20.4063    
131072    19.0697    17.4022    17.5772    19.8171    
262144    22.4835    17.8164    17.3463    19.5051    
524288    38.7469    17.3571    17.1477    24.4677    
1.04858e+06    52.8016    17.1874    17.9196    21.677    
2.09715e+06    66.8903    17.2716    17.1703    19.3986    
4.1943e+06    72.1432    17.1469    17.1266    20.2062    
8.38861e+06    73.2221    17.2183    17.1329    19.34    
1.67772e+07    82.196    17.1737    17.1501    19.8749    
3.35544e+07    78.1014    17.3903    17.1759    19.7565    
6.71089e+07    78.4129    17.178    17.133    23.4078    
