64    18.3352    17.2705    17.1849    17.42    
128    18.2885    17.2608    17.1733    17.1513    
256    18.1201    17.2714    17.1515    17.1512    
512    18.1084    17.3557    17.195    17.1967    
1024    18.1023    17.6162    17.2229    17.1769    
2048    18.0801    17.3169    17.1532    17.2023    
4096    18.0803    17.287    17.2167    17.3175    
8192    18.1484    17.3291    17.3266    17.7945    
16384    18.1176    17.2701    17.1569    17.9489    
32768    18.0979    17.2506    17.1822    18.5857    
65536    18.1655    17.3288    17.2045    19.0089    
131072    18.8679    17.345    17.1564    19.8602    
262144    18.12    17.2773    17.1478    19.9919    
524288    18.2096    17.2484    17.2894    19.7955    
1.04858e+06    18.5106    17.4604    17.2781    19.9556    
2.09715e+06    36.2513    17.2513    17.1305    20.0243    
4.1943e+06    49.1521    17.3007    17.173    20.0565    
8.38861e+06    51.2555    17.2957    17.1593    20.4303    
1.67772e+07    50.1499    17.308    17.1601    20.9121    
3.35544e+07    54.1525    17.2822    17.1229    20.4617    
6.71089e+07    53.39    17.4143    17.1586    19.5486    
