64    18.971    17.3517    17.1443    17.3487    
128    18.7371    17.3113    17.2115    17.4367    
256    18.773    17.2889    17.1152    17.1777    
512    18.3372    17.75    17.2461    17.1623    
1024    18.3536    17.7044    17.1668    17.2729    
2048    18.5388    17.523    17.1339    17.1687    
4096    18.603    17.5715    17.3125    17.2932    
8192    18.7871    17.4894    17.1454    17.3027    
16384    19.0446    17.5038    17.2244    17.9918    
32768    19.105    17.2865    17.1792    20.0156    
65536    19.2018    17.2089    17.5666    20.997    
131072    19.3386    17.1993    17.5938    22.1371    
262144    22.8289    17.1054    17.2448    23.0118    
524288    37.1821    17.3591    17.7321    19.8723    
1.04858e+06    50.1012    17.3945    17.3606    20.1808    
2.09715e+06    70.883    17.5639    17.3213    20.0715    
4.1943e+06    70.7763    17.2412    17.8389    20.6713    
8.38861e+06    74.347    17.1259    17.5859    21.9968    
1.67772e+07    71.4547    17.1323    17.2552    19.838    
3.35544e+07    77.0281    17.1227    17.2863    28.5391    
6.71089e+07    86.82    17.1914    17.8604    28.0979    
