64    18.3927    17.3576    17.3949    17.5209    
128    18.3537    17.3391    17.3048    17.3465    
256    18.2399    17.3297    17.3058    17.1804    
512    18.2391    17.5267    17.4452    17.35    
1024    18.4909    17.3351    17.4024    17.4631    
2048    18.2476    17.3527    17.3609    17.6002    
4096    18.1714    17.2706    17.3519    17.3687    
8192    18.2641    17.3924    17.4997    17.7407    
16384    18.1408    17.2162    17.1382    17.81    
32768    18.0838    17.1535    17.1427    18.5312    
65536    18.0844    17.152    17.2733    21.6211    
131072    18.0855    17.1869    17.3247    19.7997    
262144    18.1844    17.295    17.3442    20.8825    
524288    19.0542    17.1872    17.4147    21.0499    
1.04858e+06    41.5889    17.5394    17.5736    22.9687    
2.09715e+06    46.0368    17.5646    17.6479    37.2843    
4.1943e+06    58.2845    17.9257    17.8757    30.3269    
8.38861e+06    58.2221    18.2033    18.2429    32.2117    
1.67772e+07    55.8775    17.4455    17.3623    24.7595    
3.35544e+07    72.2688    18.1127    17.4698    20.5336    
6.71089e+07    60.2195    17.2866    17.7495    26.9065    
