64    18.356    17.1187    17.1748    17.1239    
128    18.2519    17.1913    17.2475    17.4266    
256    18.3606    17.2298    17.1528    17.1347    
512    18.1362    17.1303    17.1561    17.1651    
1024    18.1741    17.1558    17.1328    17.2138    
2048    18.3234    17.5709    17.1838    17.1906    
4096    18.3535    17.1173    17.1521    17.2905    
8192    18.3606    17.1697    17.1434    17.578    
16384    18.2665    17.1358    17.5224    18.012    
32768    18.468    17.1509    17.1593    18.7611    
65536    18.7322    17.1973    17.1894    20.0559    
131072    19.072    17.1118    17.1503    26.2052    
262144    21.1343    17.1453    17.1564    20.0143    
524288    25.6462    17.1441    17.2132    21.1641    
1.04858e+06    47.4287    17.1635    17.1838    28.2542    
2.09715e+06    67.1668    17.145    17.1256    19.4717    
4.1943e+06    68.7198    17.1432    17.3415    25.5847    
8.38861e+06    68.2586    17.6766    17.6875    21.8346    
1.67772e+07    71.4463    17.4383    17.148    19.8988    
3.35544e+07    71.8678    17.1069    17.1168    22.4525    
6.71089e+07    73.5251    17.1752    17.1633    21.9293    
