64    18.4467    17.8089    17.7032    17.6161    
128    18.3436    17.333    17.2528    17.2233    
256    18.3367    17.714    17.216    17.1681    
512    18.4728    17.6706    17.1681    17.1557    
1024    18.4969    17.5854    17.1465    17.1774    
2048    18.4784    17.5049    17.185    17.1518    
4096    18.723    17.4382    17.3004    17.3276    
8192    18.8088    17.3449    17.163    17.5164    
16384    18.9853    17.151    17.2346    18.1129    
32768    18.989    17.1448    17.1517    19.7785    
65536    19.1926    17.164    17.1694    23.9617    
131072    19.7479    17.1621    17.1266    21.7203    
262144    24.6094    17.2185    17.1136    20.0307    
524288    44.4763    17.1234    17.3447    23.1862    
1.04858e+06    59.6951    17.1572    17.5916    25.0546    
2.09715e+06    69.249    17.5725    17.6536    20.0787    
4.1943e+06    54.3751    17.3065    17.256    29.1859    
8.38861e+06    68.8319    17.1299    17.3057    25.6277    
1.67772e+07    67.1551    17.1723    17.6935    20.6392    
3.35544e+07    73.5927    17.2462    17.1309    20.6525    
6.71089e+07    82.3714    17.1318    17.1982    20.6667    
