64    18.632    17.1588    17.2257    17.6815    
128    18.4389    17.153    17.1863    17.7423    
256    19.3385    17.3419    17.2032    17.1847    
512    18.7192    17.3783    17.1225    17.1621    
1024    18.201    17.6075    17.4421    17.1737    
2048    18.2858    17.1543    17.7128    17.9377    
4096    18.6996    17.1242    17.1466    17.3159    
8192    18.3934    17.7276    17.1852    17.5384    
16384    18.7915    17.7065    17.1227    18.345    
32768    18.9678    17.5661    17.1288    18.3183    
65536    19.1259    17.4096    17.129    22.3889    
131072    19.8894    17.3924    17.1169    22.017    
262144    29.1724    17.6924    17.1654    23.7847    
524288    27.6309    17.168    17.4775    20.5102    
1.04858e+06    52.2357    17.1278    17.1102    26.643    
2.09715e+06    69.4529    17.239    17.6708    19.9409    
4.1943e+06    71.4771    17.123    17.17    30.0169    
8.38861e+06    78.6197    17.1775    17.2074    27.829    
1.67772e+07    85.3515    17.5115    17.2176    25.386    
3.35544e+07    74.1233    17.1304    17.1328    31.7916    
6.71089e+07    79.9424    17.5925    17.6304    19.9589    
