64    18.3419    17.3319    17.2308    17.1792    
128    18.1205    17.2751    17.1768    17.1809    
256    18.2754    17.411    17.1796    17.1788    
512    18.0885    17.2848    17.3413    17.1571    
1024    18.1649    17.2602    17.1541    17.1798    
2048    18.1242    17.2722    17.4493    17.2293    
4096    18.1414    17.2867    17.1225    17.7431    
8192    18.1703    17.2825    17.1791    17.2844    
16384    18.0927    17.3103    17.1337    18.4516    
32768    18.1398    17.2684    17.1301    18.5344    
65536    18.0918    17.2826    17.1464    18.6955    
131072    18.0728    17.2506    17.1666    19.6884    
262144    19.0281    17.4616    17.1758    19.9461    
524288    18.8507    17.268    17.2441    20.2666    
1.04858e+06    22.1669    17.3086    17.1315    19.934    
2.09715e+06    45.4054    17.5768    17.1493    19.7513    
4.1943e+06    51.6719    17.3714    17.1669    19.7457    
8.38861e+06    54.4432    17.2789    17.1432    27.5319    
1.67772e+07    54.9325    17.2819    17.3366    20.1158    
3.35544e+07    55.0237    17.2633    17.4737    20.5754    
6.71089e+07    58.6032    17.2734    17.1612    19.9619    
