64    18.3473    17.1877    17.5429    17.5653    
128    18.1992    17.1691    17.748    17.4323    
256    18.2446    17.2248    17.7301    17.3768    
512    18.1627    17.3134    17.7971    17.2792    
1024    18.1972    17.3787    17.7309    17.3138    
2048    18.1899    17.2397    17.3805    18.1926    
4096    18.4137    17.7158    17.5097    17.5364    
8192    18.8816    17.1558    17.1957    17.9593    
16384    18.753    17.152    17.1416    19.465    
32768    18.8688    17.8483    17.1961    18.4485    
65536    18.5654    17.1288    17.1734    21.6864    
131072    19.3925    17.1519    17.3576    21.8806    
262144    21.5415    17.219    17.4305    23.4351    
524288    26.337    17.6602    17.5177    19.9348    
1.04858e+06    34.4529    17.3664    17.6369    19.4952    
2.09715e+06    55.8712    17.3319    17.7352    19.5124    
4.1943e+06    66.5244    17.3839    17.2718    19.7831    
8.38861e+06    74.6688    17.3676    17.1499    19.7303    
1.67772e+07    72.7272    17.1748    17.1436    23.5729    
3.35544e+07    80.3943    17.1668    17.1572    21.3682    
6.71089e+07    83.031    17.5995    17.524    19.3486    
