64    151.581    94.9611    91.564    92.2488    
128    149.214    93.6515    94.4701    96.9112    
256    149.29    92.1889    91.491    94.4606    
512    151.987    91.9186    91.7227    93.1136    
1024    150.124    91.2682    91.7543    93.9312    
2048    149.118    91.7067    92.339    94.2491    
4096    149.572    91.7221    91.783    97.4561    
8192    152.558    91.5485    92.0694    98.2876    
16384    156.182    91.9651    91.5296    99.6917    
32768    156.301    91.0343    91.8497    100.12    
65536    159.93    91.8768    90.7168    102.104    
131072    163.78    91.7981    91.6072    137.67    
262144    188.916    91.4782    91.9566    170.389    
524288    205.426    92.3077    94.7673    141.976    
1.04858e+06    235.242    91.9312    93.5348    113.088    
2.09715e+06    278.076    93.7203    93.055    159.783    
4.1943e+06    291.976    92.1799    91.7669    139.311    
8.38861e+06    301.666    92.4517    93.5277    103.63    
1.67772e+07    293.387    94.7034    96.7825    156.141    
3.35544e+07    294.429    92.2445    92.7767    138.076    
