64    155.931    92.8426    93.6221    94.6487    
128    153.479    93.5122    92.6665    93.0936    
256    151.17    93.6247    94.5544    93.63    
512    150.128    92.4233    92.5395    93.9297    
1024    152.145    93.5013    92.609    96.1132    
2048    150.128    93.1737    92.6318    95.7608    
4096    151.114    92.6455    94.1452    98.2334    
8192    151.669    92.4469    92.4355    101.538    
16384    155.438    94.2693    92.0224    121.148    
32768    162.524    116.422    94.2198    144.257    
65536    160.476    93.1462    92.7152    104.398    
131072    162.35    92.408    92.8931    140.275    
262144    225.195    92.5326    93.0019    109.854    
524288    200.245    92.2613    92.6346    117.737    
1.04858e+06    236.464    92.5284    92.9222    104.479    
2.09715e+06    239.117    92.6362    92.8597    174.283    
4.1943e+06    271.718    94.1749    92.3476    157.961    
8.38861e+06    277.786    92.6629    92.848    148.966    
1.67772e+07    276.809    92.7818    93.2478    119.893    
3.35544e+07    299.06    93.6035    92.6761    109.871    
