64    18.8379    17.3262    17.1132    17.1776    
128    18.7885    17.4833    17.127    18.4027    
256    18.562    17.1638    17.5427    17.5322    
512    18.1715    17.1379    17.1822    17.5203    
1024    18.6934    17.3237    17.3092    17.6521    
2048    18.4788    17.2092    17.1533    17.6284    
4096    18.5572    17.1612    17.1325    18.322    
8192    18.9503    17.4742    17.1362    18.2284    
16384    18.8262    17.4262    17.126    17.9913    
32768    18.3916    17.553    17.5707    18.4775    
65536    18.8868    17.5776    17.3526    19.4073    
131072    19.8846    17.1969    17.6462    20.7396    
262144    22.884    17.2995    17.5863    20.5108    
524288    36.2359    17.1925    17.6669    20.1722    
1.04858e+06    61.3514    17.2661    17.1284    22.8101    
2.09715e+06    50.0047    17.9998    17.3355    21.8511    
4.1943e+06    55.7328    17.7249    17.3279    21.1113    
8.38861e+06    52.4336    17.1025    17.2199    25.2054    
1.67772e+07    66.2392    17.6909    17.319    20.3807    
3.35544e+07    71.9447    17.269    17.4827    20.3588    
6.71089e+07    81.8402    17.2903    17.1162    22.4262    
