64    18.9083    17.4048    17.8559    17.7868    
128    18.1829    17.1138    17.4284    17.5935    
256    18.3857    17.1379    17.5161    17.5666    
512    18.3142    17.129    17.3633    17.4144    
1024    18.6854    17.147    17.1846    17.1877    
2048    18.3269    17.5814    17.2062    17.1445    
4096    18.8428    17.7209    17.1375    17.8671    
8192    18.6967    17.5352    17.1476    17.3282    
16384    18.7352    17.3847    17.1873    18.1226    
32768    18.9892    17.3732    17.4562    18.4682    
65536    19.3765    17.2948    17.1455    19.3099    
131072    20.4846    17.2298    17.2774    19.2677    
262144    25.0585    17.491    17.1343    19.4755    
524288    28.1406    17.5341    17.1533    23.973    
1.04858e+06    56.2347    17.4377    17.6632    21.8413    
2.09715e+06    73.7466    17.1118    17.3326    26.3018    
4.1943e+06    72.1224    17.1303    17.138    24.5821    
8.38861e+06    74.2483    17.3203    17.1611    22.7932    
1.67772e+07    77.6198    17.5834    17.1454    24.768    
3.35544e+07    74.6806    17.1569    17.4383    23.2175    
6.71089e+07    81.1125    17.1373    17.1975    21.498    
