64    18.6635    17.1513    17.5648    17.8083    
128    18.4986    17.7133    17.358    17.58    
256    18.9635    17.7285    17.3295    17.1438    
512    18.4755    17.5859    17.2127    17.1421    
1024    18.5752    18.3527    17.1719    17.9322    
2048    18.415    17.1586    17.2637    19.0619    
4096    18.4665    17.1451    17.6199    17.8888    
8192    18.245    17.634    17.3983    17.8571    
16384    18.3527    17.7053    17.4656    18.4194    
32768    19.2636    17.2427    17.5752    20.8365    
65536    18.6344    17.3107    17.5829    21.1594    
131072    19.225    17.4588    17.5067    20.0031    
262144    20.6106    17.472    17.6403    27.831    
524288    34.8604    17.5638    17.5743    20.0163    
1.04858e+06    49.9027    17.4634    17.2014    20.0559    
2.09715e+06    68.8222    18.1306    17.3027    22.9633    
4.1943e+06    71.9587    17.8244    17.4472    20.4657    
8.38861e+06    75.5901    17.12    17.7581    20.6137    
1.67772e+07    73.8671    17.1749    17.1272    24.0788    
3.35544e+07    74.0645    17.135    17.1282    19.9246    
6.71089e+07    85.133    17.6726    17.4427    20.0065    
