64    18.1974    17.3738    17.1716    17.1531    
128    18.1298    17.2779    17.1673    17.139    
256    18.1365    17.5239    17.2622    17.1995    
512    18.0873    17.2627    17.27    17.2622    
1024    18.1488    17.271    17.1329    17.2081    
2048    18.1254    17.285    17.3906    17.7239    
4096    18.1629    17.3236    17.2267    17.2517    
8192    18.2147    17.2997    17.2257    17.342    
16384    18.0829    17.2915    17.1678    18.0141    
32768    18.4414    17.3066    17.1695    18.7674    
65536    18.066    17.2955    17.2365    19.7913    
131072    18.0567    17.2677    17.1319    19.545    
262144    18.088    17.4591    17.2899    19.512    
524288    19.4439    17.4753    17.3239    21.1854    
1.04858e+06    22.0205    17.2696    17.1498    19.7126    
2.09715e+06    43.4471    17.3658    17.2451    19.6365    
4.1943e+06    54.0442    17.3091    17.1813    19.9476    
8.38861e+06    54.8044    17.2643    17.1235    19.8658    
1.67772e+07    54.8107    17.2583    17.1427    21.0198    
3.35544e+07    54.9397    17.2855    17.2181    24.6559    
6.71089e+07    58.6773    17.2509    17.1627    19.7672    
