64    18.6572    17.2028    17.157    17.6418    
128    18.7048    17.442    17.4377    17.1802    
256    18.6966    17.6538    17.1566    17.13    
512    18.6563    17.5948    17.4673    17.4042    
1024    18.7604    17.431    17.1692    17.5506    
2048    18.7157    17.3546    17.2403    17.4687    
4096    18.3719    18.0422    17.7283    17.6207    
8192    18.4409    17.1182    17.2293    18.0615    
16384    18.7062    17.3487    17.1522    18.5057    
32768    18.7314    17.2131    17.1547    18.6526    
65536    19.0534    17.5781    17.3693    19.6152    
131072    19.3234    17.5807    17.4847    20.1395    
262144    21.681    17.7074    17.4104    20.626    
524288    27.2649    17.5135    17.1122    19.5033    
1.04858e+06    47.3425    17.3774    17.3039    19.7042    
2.09715e+06    63.9921    17.4949    17.794    25.1084    
4.1943e+06    73.3018    17.7045    17.3734    19.5495    
8.38861e+06    90.4683    17.5448    17.4079    19.9862    
1.67772e+07    76.8055    17.7205    17.1504    19.5219    
3.35544e+07    73.9645    17.1325    17.6984    22.737    
6.71089e+07    77.0146    17.4578    17.503    19.6236    
