64    18.7424    17.7373    17.7661    18.0015    
128    18.3476    17.9002    18.0599    17.9103    
256    18.7459    17.8075    18.2536    17.8274    
512    18.3349    17.9961    17.448    17.3062    
1024    18.6593    17.7891    17.1609    17.1879    
2048    18.5926    17.6063    17.162    17.186    
4096    18.2782    17.4233    17.6274    17.2293    
8192    18.3555    17.1591    17.3268    18.6288    
16384    18.3771    17.9285    17.5346    17.8823    
32768    18.567    17.222    17.6509    20.7092    
65536    18.6757    17.258    17.7389    19.5111    
131072    19.0222    17.6528    17.5969    26.0184    
262144    23.3104    17.697    17.373    20.8906    
524288    27.4862    17.4014    17.7359    19.93    
1.04858e+06    53.9129    17.3352    17.4094    21.5363    
2.09715e+06    66.9253    17.7617    17.515    20.0077    
4.1943e+06    72.7301    17.3265    17.4821    20.9688    
8.38861e+06    74.1403    17.7384    17.6147    22.6633    
1.67772e+07    73.8906    17.219    17.5593    24.1013    
3.35544e+07    75.8545    17.1856    17.2693    31.1219    
6.71089e+07    84.8129    17.5299    17.6735    20.5641    
