64    18.2781    17.1508    17.1484    17.4459    
128    18.7279    17.1343    17.1598    17.4822    
256    18.5938    17.1381    17.1618    17.5344    
512    18.6711    17.2002    17.2235    17.6876    
1024    18.4716    17.7005    17.1464    17.176    
2048    18.588    17.6135    17.2122    17.3731    
4096    18.7299    17.7072    17.2702    17.2556    
8192    18.2174    17.5325    17.5071    17.7116    
16384    18.271    17.6474    17.3703    18.9271    
32768    18.7256    17.6789    17.2208    19.5833    
65536    19.0916    17.6699    17.2629    19.9055    
131072    19.3031    17.2552    17.5863    20.7832    
262144    21.446    17.1592    17.3779    26.2985    
524288    30.4322    17.4206    17.7447    19.4449    
1.04858e+06    46.8128    17.5894    17.7161    19.3873    
2.09715e+06    67.5481    17.2703    17.2209    19.614    
4.1943e+06    71.017    17.5568    17.5119    19.6838    
8.38861e+06    74.6435    17.3519    17.752    22.2376    
1.67772e+07    74.5641    17.5516    17.5953    29.8715    
3.35544e+07    74.62    17.2519    17.6448    25.2729    
6.71089e+07    80.698    17.7951    17.4007    19.6876    
