64    18.2982    17.6709    17.5737    17.1515    
128    18.1692    17.1394    17.6408    17.6634    
256    18.2759    17.6152    17.6617    17.3786    
512    18.4007    17.1866    17.7781    17.3806    
1024    18.138    17.2299    17.7132    17.3094    
2048    18.2108    17.3894    17.611    17.1799    
4096    18.2642    17.3278    17.3248    17.8001    
8192    18.5915    17.1484    17.3576    18.3023    
16384    18.433    17.4452    17.2608    18.7283    
32768    19.2393    17.2021    17.2918    20.5013    
65536    18.5033    17.1294    17.1231    22.8295    
131072    19.7213    17.1416    17.1391    19.4148    
262144    25.7101    17.1144    17.5896    27.7734    
524288    24.5302    17.1306    17.1516    19.8499    
1.04858e+06    41.9535    17.9922    17.2183    21.0421    
2.09715e+06    65.986    17.2234    17.1434    19.2834    
4.1943e+06    69.8277    17.7151    17.3359    20.6259    
8.38861e+06    71.9743    17.4717    17.156    20.3762    
1.67772e+07    74.0762    18.0153    18.1537    26.7203    
3.35544e+07    83.707    17.599    17.138    19.2494    
6.71089e+07    80.2589    17.3904    17.2555    19.9552    
