64    18.5422    17.7119    17.4208    17.2913    
128    18.2832    17.8162    17.3299    17.1131    
256    18.2883    18.1808    17.5935    17.5508    
512    18.6324    17.1246    17.8094    17.3329    
1024    18.3299    17.2927    17.6576    17.257    
2048    18.1419    17.3695    17.7216    17.2625    
4096    18.2249    17.1313    17.2554    18.2306    
8192    19.0149    17.4479    17.2444    17.7523    
16384    19.8811    17.1549    17.1199    18.1052    
32768    20.0531    17.1272    17.1207    18.9488    
65536    19.4547    17.1651    17.1395    24.0729    
131072    19.9553    17.495    17.131    19.7401    
262144    21.5607    17.185    17.1482    19.4537    
524288    26.3403    17.6664    17.145    23.8557    
1.04858e+06    49.2261    17.1196    17.2531    22.8545    
2.09715e+06    62.1851    17.5792    17.1841    19.4688    
4.1943e+06    78.4499    17.1732    17.1315    20.5078    
8.38861e+06    68.4301    17.3674    17.1279    22.6858    
1.67772e+07    85.5399    17.1409    17.2822    21.8016    
3.35544e+07    72.2922    17.8804    18.1568    27.2113    
6.71089e+07    76.4645    17.4938    17.6272    20.0268    
