64    18.309    17.2748    17.1209    17.2429    
128    18.2036    17.5923    17.6014    17.4376    
256    18.2923    17.2562    17.2761    17.2433    
512    18.4531    17.3218    17.1983    17.3153    
1024    18.0939    17.0932    17.0932    17.1314    
2048    18.0734    17.2862    17.176    17.1416    
4096    18.049    17.0564    17.0776    17.1494    
8192    18.0645    17.2945    17.177    17.5859    
16384    18.2056    17.1228    17.2018    17.9203    
32768    18.454    17.4271    17.268    18.7342    
65536    18.2939    17.2331    17.2797    19.9877    
131072    18.2238    17.4744    17.3523    19.6019    
262144    18.1672    17.3388    17.2548    19.5385    
524288    18.4354    17.3655    17.4169    19.3812    
1.04858e+06    20.4366    17.2244    17.1971    19.3197    
2.09715e+06    27.6076    17.4446    17.2937    19.847    
4.1943e+06    46.5353    17.2093    17.278    19.544    
8.38861e+06    53.6523    17.1695    17.2432    19.9605    
1.67772e+07    59.2683    17.0526    17.0632    22.6051    
3.35544e+07    67.9446    17.2355    17.0992    21.7576    
6.71089e+07    71.192    17.16    17.1066    19.6319    
1.34218e+08    72.0493    17.0888    17.0977    28.5732    
2.68435e+08    474.446    17.0777    17.0497    22.8429    
