64    18.5614    17.1664    17.6011    17.771    
128    18.4006    17.1917    17.4721    17.6665    
256    18.2178    17.7254    17.3399    17.2219    
512    18.2395    17.5474    17.2382    17.1391    
1024    18.3218    17.8363    17.2654    17.7117    
2048    18.7702    17.6752    17.1312    17.2414    
4096    18.2963    17.3748    17.5573    17.5553    
8192    18.2983    17.394    17.6043    18.3917    
16384    18.3502    17.5797    17.4535    18.6711    
32768    18.4756    17.6459    17.4366    18.4098    
65536    18.6491    17.1622    17.5665    23.194    
131072    20.3155    17.4199    17.749    24.0164    
262144    25.1903    17.1634    17.1766    22.5958    
524288    33.5617    17.4987    17.5421    19.7454    
1.04858e+06    61.2615    17.1273    17.1377    19.6656    
2.09715e+06    51.2733    17.1468    17.453    23.588    
4.1943e+06    72.512    17.1782    17.1847    19.7832    
8.38861e+06    71.6862    17.1191    17.2541    19.5251    
1.67772e+07    74.1433    17.6232    17.6844    24.7479    
3.35544e+07    72.957    17.6315    17.3795    19.8097    
6.71089e+07    78.0233    17.3393    17.6247    19.3179    
