64    18.445    17.7267    17.8751    17.1416    
128    18.5485    17.6765    17.256    17.3415    
256    18.5559    17.4335    17.1743    17.0976    
512    18.6989    17.4332    17.5673    17.1697    
1024    18.8216    17.2805    17.0957    17.3486    
2048    18.799    17.3362    17.1365    17.3337    
4096    18.811    17.1807    17.3254    17.5985    
8192    18.9678    17.1494    17.1129    17.8559    
16384    18.9234    17.2624    17.2048    19.6167    
32768    18.6842    17.12    17.539    20.4097    
65536    19.0201    17.102    17.2031    20.0119    
131072    21.2017    17.2033    17.2539    24.5176    
262144    25.8319    17.1814    17.1556    23.5126    
524288    31.4312    17.1471    17.1398    21.3338    
1.04858e+06    46.5666    17.9882    17.3991    24.2213    
2.09715e+06    75.3487    17.3864    17.7064    19.7903    
4.1943e+06    72.3724    17.3344    17.5023    26.6259    
8.38861e+06    72.2709    17.1243    17.1464    19.927    
1.67772e+07    75.7496    17.2341    17.7371    22.8449    
3.35544e+07    78.3504    17.7177    17.237    19.9907    
6.71089e+07    81.5511    17.2549    17.1435    21.1237    
