64    18.459    18.3184    17.4692    17.2121    
128    18.2683    17.6125    17.223    17.13    
256    18.4165    17.7016    17.1405    17.1941    
512    18.5184    17.5671    17.2112    17.6453    
1024    18.5911    17.4264    17.1393    17.1507    
2048    18.6384    17.4261    17.1139    17.1284    
4096    18.8278    17.409    17.1509    17.4024    
8192    18.9024    17.3902    17.1455    17.5061    
16384    18.2899    17.7107    17.4251    17.7873    
32768    18.4085    17.1628    17.6914    20.0459    
65536    18.8417    17.6616    17.3429    24.4931    
131072    19.4282    17.427    17.6755    20.1626    
262144    21.864    17.7191    17.4194    19.7124    
524288    26.028    17.3206    17.7163    24.4029    
1.04858e+06    48.7308    17.3118    17.1432    20.4109    
2.09715e+06    66.3813    17.4918    17.6973    20.3977    
4.1943e+06    73.3878    17.1788    17.5291    22.0778    
8.38861e+06    73.3913    17.4202    17.1011    27.5972    
1.67772e+07    74.1558    17.2006    17.1263    22.1511    
3.35544e+07    73.5561    17.3612    17.6437    19.7297    
6.71089e+07    77.4266    17.3349    17.7224    20.5382    
