64    18.5908    17.1533    17.123    17.1303    
128    18.669    17.424    17.1505    17.1524    
256    18.6612    17.395    17.168    17.134    
512    18.7643    17.8675    17.3764    17.6435    
1024    18.2563    17.1983    17.4577    17.6807    
2048    18.2459    17.2664    17.5703    17.7053    
4096    18.309    17.1455    17.6818    17.4122    
8192    18.2151    17.2651    17.6787    18.3763    
16384    18.3967    17.3333    17.7056    18.8385    
32768    18.5789    17.5431    17.5901    18.4848    
65536    18.7246    17.5655    17.4146    19.4573    
131072    19.0936    17.2528    18.1315    21.6141    
262144    19.7469    17.2312    17.5562    19.5723    
524288    26.9232    17.1854    17.4637    21.7169    
1.04858e+06    52.6509    17.6722    17.1827    19.5013    
2.09715e+06    65.5956    17.1638    17.1475    27.7429    
4.1943e+06    70.3918    17.6271    17.5989    19.3    
8.38861e+06    75.6086    17.356    17.6194    19.3905    
1.67772e+07    75.7175    17.7497    17.3237    25.2448    
3.35544e+07    72.1337    17.3784    17.7681    19.914    
6.71089e+07    80.0664    17.1654    17.1459    25.636    
