64    18.8162    17.1817    17.1747    17.1409    
128    18.4798    17.6858    17.1503    17.1576    
256    18.5048    17.5397    17.142    17.2494    
512    18.6163    17.4927    17.1953    17.1284    
1024    18.6955    17.3089    17.1419    17.1735    
2048    18.2368    17.825    17.5258    17.2392    
4096    18.2033    17.6463    17.4862    17.212    
8192    18.2689    17.7274    17.4202    17.8856    
16384    18.8803    17.126    17.1368    17.6995    
32768    18.6478    17.6862    17.3769    20.5872    
65536    19.2064    17.5674    17.1458    19.7117    
131072    20.5935    17.3637    17.3628    19.801    
262144    21.4519    17.7045    17.2376    22.5345    
524288    38.1325    17.1376    17.3404    25.1684    
1.04858e+06    49.4812    17.1296    17.1546    19.806    
2.09715e+06    63.9262    17.4704    17.5707    20.147    
4.1943e+06    73.3953    17.1667    17.2705    22.4376    
8.38861e+06    74.285    17.552    17.1607    19.5109    
1.67772e+07    74.4368    17.7156    17.7593    20.4082    
3.35544e+07    74.5632    17.6143    17.2782    19.3989    
6.71089e+07    81.6405    17.7834    17.3827    20.9288    
