64    18.82    17.1734    17.1443    17.3194    
128    18.6772    17.2242    17.1733    17.1545    
256    18.3781    17.649    17.135    17.1357    
512    18.3285    17.7319    17.1928    17.2021    
1024    18.4002    17.6735    17.3428    17.2166    
2048    18.5303    17.5477    17.3425    17.3261    
4096    18.7242    17.5659    17.1818    17.3677    
8192    18.2518    17.5083    17.521    17.53    
16384    18.3478    17.4805    17.4493    18.731    
32768    18.5322    17.6806    17.3861    18.2105    
65536    18.5383    17.1881    17.6798    22.1269    
131072    19.076    17.2108    17.1819    23.6804    
262144    22.0003    17.2109    17.3941    23.5258    
524288    26.6558    17.1144    17.1386    23.0157    
1.04858e+06    49.4022    17.4978    17.5294    25.3919    
2.09715e+06    63.7932    17.1222    17.552    21.0618    
4.1943e+06    73.3965    17.1645    17.1552    23.3577    
8.38861e+06    74.9588    17.6023    17.1172    19.0986    
1.67772e+07    76.7357    17.2583    17.1535    21.5555    
3.35544e+07    76.9405    17.1077    17.6566    28.8777    
6.71089e+07    82.94    17.6218    17.4377    19.4684    
