64    18.29    17.6703    17.8121    17.1565    
128    18.1714    17.5844    17.3933    17.2467    
256    18.2439    17.7728    17.2649    17.4256    
512    18.3806    17.7204    17.2335    17.1704    
1024    18.5815    17.8892    17.4538    18.1116    
2048    18.9702    17.7268    17.3324    17.8705    
4096    18.5527    18.158    17.333    17.8622    
8192    18.9017    17.2697    17.1366    17.5723    
16384    18.9696    17.2251    17.1799    18.858    
32768    19.1662    17.1273    17.1928    20.9188    
65536    18.9157    17.2065    17.7467    20.2082    
131072    19.5021    17.9997    17.7273    23.4851    
262144    29.1132    17.1859    17.1283    24.363    
524288    25.3994    17.5185    17.5065    19.6009    
1.04858e+06    36.0729    17.4017    17.1322    21.685    
2.09715e+06    57.7412    17.5128    17.2962    19.4793    
4.1943e+06    72.2047    17.1174    17.6151    23.6379    
8.38861e+06    72.6477    18.2507    17.6807    22.8037    
1.67772e+07    74.2441    17.2966    17.3358    23.3977    
3.35544e+07    74.0619    17.3777    17.1148    19.5459    
6.71089e+07    75.2533    17.1315    17.1239    23.686    
