64    18.7241    17.2077    17.1904    17.4299    
128    18.7627    17.1398    17.1435    17.5037    
256    18.5522    17.1697    17.2856    17.589    
512    18.5203    17.1622    17.1677    17.7102    
1024    18.3904    17.269    17.7312    17.2809    
2048    18.2101    17.3871    17.708    17.4757    
4096    18.3719    17.1858    17.358    17.9661    
8192    18.3406    17.1346    17.6523    18.1094    
16384    18.2783    17.7477    17.3123    17.7553    
32768    18.7915    17.5782    17.2569    18.2612    
65536    18.8378    17.6216    17.1289    19.5899    
131072    19.7694    17.6144    17.1502    19.9008    
262144    23.6662    17.7568    17.5434    22.3696    
524288    29.1076    17.2867    17.7037    19.8648    
1.04858e+06    50.2698    17.3858    17.1127    20.4933    
2.09715e+06    66.2294    17.6186    17.2894    19.5139    
4.1943e+06    73.6721    17.4046    17.6164    28.9111    
8.38861e+06    73.9167    17.6377    17.1464    19.6801    
1.67772e+07    73.7305    17.7597    17.6113    24.9204    
3.35544e+07    91.3855    17.7792    17.7775    20.0058    
6.71089e+07    90.1918    17.1832    17.6934    28.6109    
