64    20.5531    25.4382    25.3932    25.3351    
128    20.452    25.4084    25.4084    25.3236    
256    20.4376    25.4145    25.381    25.3997    
512    20.4843    25.3703    25.3969    25.5621    
1024    20.5569    25.3505    25.3623    25.8978    
2048    20.4756    25.426    25.3851    26.0862    
4096    20.5282    25.3792    25.4246    26.7294    
8192    20.4694    25.3065    25.3005    26.2963    
16384    20.369    25.3743    25.3168    27.3871    
32768    20.4234    25.3522    25.3945    28.5069    
65536    20.4755    25.3711    25.3557    29.6987    
131072    20.4809    25.431    25.3596    30.8428    
262144    23.0633    25.3416    25.3661    30.834    
524288    32.7785    25.3875    25.3892    30.3852    
1.04858e+06    54.4014    25.4054    25.3264    30.5491    
2.09715e+06    67.7707    25.4494    25.4492    31.2878    
4.1943e+06    71.9692    25.3104    25.3573    32.2744    
8.38861e+06    73.0112    25.3781    25.3986    30.8399    
1.67772e+07    74.3085    25.6574    25.3507    31.7791    
3.35544e+07    76.64    25.571    25.4825    31.9901    
6.71089e+07    76.1548    25.3062    25.3822    31.9959    
