64    20.8436    25.6318    25.3319    25.8207    
128    20.6106    25.3359    25.9597    26.3128    
256    20.428    25.3877    26.4944    25.5842    
512    20.4377    26.1853    25.7409    25.543    
1024    20.4742    25.8568    25.892    25.7799    
2048    20.6449    26.1813    25.4283    26.0097    
4096    20.9654    25.707    25.3551    26.7748    
8192    20.7272    25.4264    25.3193    26.4955    
16384    21.0752    25.3401    25.3204    27.3937    
32768    21.2235    25.771    25.4035    30.7787    
65536    21.1008    25.3583    25.6804    32.5677    
131072    20.4483    25.5584    26.229    30.1866    
262144    20.7368    25.3766    26.3526    31.3517    
524288    22.7617    26.0503    26.2956    31.1067    
1.04858e+06    27.8163    25.3835    26.2086    31.5066    
2.09715e+06    37.5632    25.4258    25.779    33.4067    
4.1943e+06    51.4723    26.0175    25.3038    34.6083    
8.38861e+06    71.2605    26.2179    25.499    31.9451    
1.67772e+07    69.8235    25.517    25.3274    43.4825    
3.35544e+07    73.7561    25.9994    25.6105    30.8702    
6.71089e+07    97.7655    25.3851    25.3082    47.1298    
