64    20.6006    25.586    25.4942    25.5051    
128    20.6244    25.6778    25.9782    26.1967    
256    20.937    25.8786    25.9263    25.646    
512    20.6667    25.6039    25.5968    25.7145    
1024    20.6645    25.6721    26.0851    26.9813    
2048    20.9978    26.1207    26.0645    27.6227    
4096    20.8524    26.0186    25.7609    27.9353    
8192    20.5538    25.5754    25.4118    26.7249    
16384    20.6242    25.4827    25.3424    26.8063    
32768    20.4427    25.5514    25.485    29.2127    
65536    21.0216    25.5856    25.7521    32.696    
131072    20.8912    25.5788    25.5708    30.1587    
262144    21.3528    25.6949    25.6093    31.8506    
524288    35.6147    25.6413    25.6804    31.0063    
1.04858e+06    56.1207    25.5604    25.4738    31.3774    
2.09715e+06    68.4228    25.6593    25.7732    35.2588    
4.1943e+06    72.3038    25.4782    25.4972    32.0503    
8.38861e+06    74.0662    25.7824    25.5789    47.0216    
1.67772e+07    88.5241    25.8277    25.6841    33.7475    
3.35544e+07    79.2246    25.4683    25.5652    43.5139    
6.71089e+07    77.8075    25.6003    25.5134    30.7701    
