64    20.8229    25.6235    25.6618    25.4908    
128    20.6618    25.7979    25.612    25.5975    
256    20.8634    25.7455    25.6187    25.6295    
512    20.5699    25.715    25.599    25.8696    
1024    20.6592    25.7343    25.5683    26.3687    
2048    20.7375    25.8483    25.576    26.4378    
4096    20.4936    25.716    25.7298    26.6696    
8192    20.6735    25.6457    25.6191    27.2562    
16384    20.6126    25.3516    25.3615    26.7166    
32768    20.4012    25.4631    25.5393    35.5718    
65536    21.2826    25.9306    25.6524    34.9997    
131072    20.6651    25.5502    25.8481    54.8883    
262144    22.126    25.6425    25.5652    53.9108    
524288    24.0799    25.6128    25.3341    30.858    
1.04858e+06    30.0952    25.5472    25.7216    33.3261    
2.09715e+06    53.744    25.8747    25.4555    39.3666    
4.1943e+06    66.949    25.6382    25.5745    31.4292    
8.38861e+06    68.4762    25.527    25.6393    31.7682    
1.67772e+07    70.7136    25.6219    25.6123    45.6958    
3.35544e+07    72.9833    25.4801    25.3877    33.4864    
6.71089e+07    71.4681    25.5033    25.6575    38.3593    
