64    20.7208    25.6359    25.7373    25.5349    
128    20.5774    25.7091    25.706    25.5192    
256    20.6435    25.6121    25.608    25.5643    
512    20.7091    25.7424    25.5508    25.8622    
1024    20.7342    25.6385    25.5681    26.1773    
2048    20.5725    25.5708    25.6355    26.2223    
4096    20.6691    25.684    25.6203    26.7968    
8192    20.7542    25.4561    25.4919    26.7389    
16384    20.5425    25.4097    25.3423    28.2517    
32768    20.5237    25.3426    25.3852    28.4665    
65536    20.5011    25.4289    25.5357    29.4252    
131072    20.6325    25.5191    25.6433    36.3572    
262144    21.706    25.7117    25.5116    31.364    
524288    36.6281    25.592    25.5169    31.8045    
1.04858e+06    55.8805    25.6619    25.5365    34.7949    
2.09715e+06    59.9906    25.538    25.5182    34.198    
4.1943e+06    73.5257    25.5833    25.6346    33.3024    
8.38861e+06    73.0438    25.5362    25.5001    31.2385    
1.67772e+07    74.3026    25.5616    25.5962    31.4016    
3.35544e+07    77.3969    25.6073    25.6291    34.7445    
6.71089e+07    76.1793    25.3301    25.337    31.0834    
