64    20.524    26.1501    25.5949    25.3234    
128    20.4647    25.9004    25.9757    25.3792    
256    20.6775    26.3807    25.3689    25.5377    
512    21.0256    25.5943    25.5678    26.6456    
1024    20.7609    25.4961    25.7601    26.4455    
2048    20.7627    25.8388    25.4738    26.303    
4096    21.0068    25.4278    25.3105    27.8615    
8192    20.4613    25.9609    25.9399    26.9738    
16384    20.405    25.793    25.9476    27.1102    
32768    20.6004    25.8662    25.3331    33.1922    
65536    20.8749    26.7971    25.6822    48.591    
131072    22.4108    25.775    26.2699    36.118    
262144    29.8904    26.4801    25.4013    35.6925    
524288    33.3074    26.0336    25.7133    34.819    
1.04858e+06    42.5813    25.3159    25.4155    43.9212    
2.09715e+06    63.4561    26.2434    25.3264    32.0982    
4.1943e+06    72.4908    25.4871    25.9653    48.8857    
8.38861e+06    73.9634    25.5302    26.2462    47.3011    
1.67772e+07    75.1579    25.4624    25.5207    38.5769    
3.35544e+07    77.1272    26.1657    25.343    37.2517    
6.71089e+07    154.12    26.6985    25.6392    47.1148    
