64    20.8089    25.6849    25.5232    25.5686    
128    20.7438    25.6251    25.6392    25.5122    
256    20.7503    25.6615    25.6567    25.7995    
512    20.6675    25.5481    25.6203    25.9016    
1024    20.7518    25.6824    25.6069    26.1633    
2048    20.755    25.5583    25.6662    26.6711    
4096    20.6447    25.5751    25.5523    26.4224    
8192    20.7248    25.6823    25.6159    27.0214    
16384    20.666    25.5086    25.9331    27.4072    
32768    20.734    25.4294    25.3548    27.6372    
65536    20.4293    25.3658    25.3188    29.3697    
131072    21.5667    25.5283    25.3561    29.9418    
262144    21.4173    25.4422    25.5789    31.3292    
524288    35.2395    25.5945    25.6477    35.0997    
1.04858e+06    61.7854    25.5902    25.5104    35.3794    
2.09715e+06    65.5869    25.4956    25.4788    30.4757    
4.1943e+06    79.2382    25.5413    25.5421    31.9231    
8.38861e+06    72.8398    25.5768    25.6044    50.5533    
1.67772e+07    74.9374    25.5582    25.5343    31.5945    
3.35544e+07    76.1846    25.552    25.5054    31.1489    
6.71089e+07    78.5404    25.7453    25.5373    33.5448    
