64    20.7363    25.6776    25.5916    25.4506    
128    20.9425    25.664    25.612    25.5563    
256    20.661    25.8825    25.9491    26.1111    
512    20.8192    25.5911    25.5522    26.3048    
1024    20.7181    25.6094    25.7075    26.3492    
2048    20.7612    25.8848    25.871    27.2832    
4096    20.8796    26.0574    26.1084    28.4521    
8192    20.6984    25.6686    25.5061    31.298    
16384    20.5776    25.8018    25.474    27.353    
32768    20.8398    25.8274    26.2858    40.2058    
65536    21.5683    25.703    25.6712    29.7029    
131072    20.6507    25.7657    25.3618    29.5213    
262144    24.3846    25.5631    25.4434    31.5568    
524288    34.9913    25.3499    25.3743    30.5445    
1.04858e+06    50.6609    25.3847    25.7656    32.9042    
2.09715e+06    69.6961    25.3277    25.3605    31.0923    
4.1943e+06    83.6946    25.4799    25.5318    33.3651    
8.38861e+06    83.4472    25.4875    25.3417    31.0077    
1.67772e+07    74.6228    25.479    25.966    30.5096    
3.35544e+07    75.8097    25.3715    25.4875    31.2543    
6.71089e+07    76.2742    25.3389    25.3621    30.4253    
