64    20.6527    25.3909    25.3457    25.3457    
128    20.5795    25.3618    25.3912    25.33    
256    20.4273    25.4593    25.4633    25.4836    
512    20.4986    25.4106    25.3828    25.611    
1024    20.463    25.4307    25.3747    25.8242    
2048    20.498    25.437    25.4158    26.1904    
4096    20.5285    25.4738    25.4291    26.1904    
8192    20.5727    25.3782    25.3841    26.7982    
16384    20.4184    25.3192    25.3093    27.445    
32768    20.4104    25.3383    25.3209    27.5659    
65536    20.7357    25.3453    25.3675    29.1239    
131072    20.5222    25.3339    25.3525    30.4247    
262144    21.6952    25.4659    25.3927    31.0719    
524288    34.0255    25.3614    25.3258    30.2725    
1.04858e+06    52.7688    25.4144    25.3285    31.0317    
2.09715e+06    69.3777    25.5099    25.4103    32.2489    
4.1943e+06    72.0993    25.342    25.3976    31.146    
8.38861e+06    96.7822    25.7924    25.5943    32.2563    
1.67772e+07    96.6593    25.509    26.1135    32.3497    
3.35544e+07    78.3724    25.7339    25.4795    31.3921    
6.71089e+07    77.7697    25.7067    25.6243    48.4223    
