64    20.8209    25.6226    25.6048    25.5345    
128    20.5983    25.5839    25.5998    25.585    
256    20.5963    25.6001    25.5549    25.5862    
512    20.6077    25.7958    25.618    25.723    
1024    20.7542    25.5669    25.586    26.2089    
2048    20.6669    25.5559    25.5571    26.3032    
4096    20.6321    25.7054    25.548    26.3276    
8192    20.4276    25.3671    25.3349    26.4081    
16384    20.4185    25.3517    25.381    28.1072    
32768    20.5316    25.4835    25.6511    28.2641    
65536    20.655    25.6822    25.5622    29.7821    
131072    20.7379    25.5713    25.5299    30.5941    
262144    22.6043    25.4455    25.3325    31.6544    
524288    33.706    25.6259    25.4085    30.9429    
1.04858e+06    52.0191    25.628    25.4998    31.8351    
2.09715e+06    68.158    25.562    25.5429    31.0557    
4.1943e+06    72.4576    25.5125    25.6035    39.8509    
8.38861e+06    76.4508    25.4961    25.6911    32.8103    
1.67772e+07    74.2602    25.5839    25.6081    31.7051    
3.35544e+07    76.0075    26.1841    25.5988    30.5918    
6.71089e+07    77.8706    25.537    25.5217    37.2819    
