64    20.7675    25.6922    25.4609    25.5713    
128    20.6319    25.8709    25.6895    25.7981    
256    20.74    25.5802    25.6892    25.6966    
512    20.7362    25.6839    25.6833    25.8486    
1024    20.6881    25.757    25.965    26.538    
2048    20.6487    25.788    25.8739    27.2252    
4096    20.708    25.8283    25.8702    26.5545    
8192    20.6219    25.4983    25.6901    29.9383    
16384    21.0734    25.5647    25.5132    27.4643    
32768    20.7069    25.4655    25.4454    29.9694    
65536    20.8577    25.4346    25.3166    29.3702    
131072    20.4668    25.5892    25.6046    30.5149    
262144    21.6512    25.6312    25.7258    31.6689    
524288    34.2472    25.515    25.5333    30.9411    
1.04858e+06    56.6531    25.6844    25.5324    31.4911    
2.09715e+06    69.4038    25.536    25.4605    47.2032    
4.1943e+06    69.8335    25.5277    25.4689    31.364    
8.38861e+06    72.78    25.5431    25.5076    31.8716    
1.67772e+07    80.9668    25.5973    25.4169    31.8168    
3.35544e+07    75.1521    25.5815    25.5651    30.8269    
6.71089e+07    76.8409    25.5082    25.5862    31.2853    
