64    20.838    25.6255    25.5351    25.5882    
128    20.6899    25.5805    25.6157    25.5874    
256    20.6789    25.7026    25.5447    25.5988    
512    20.7496    25.4924    25.6666    25.8108    
1024    20.5861    25.6974    25.6079    26.1002    
2048    20.6481    25.5307    25.6421    26.3717    
4096    20.6664    25.6744    25.6744    27.016    
8192    20.8198    25.4388    25.3549    26.3861    
16384    20.5379    25.3631    25.3355    27.4257    
32768    20.4019    25.3551    25.3345    27.8749    
65536    20.4448    25.3316    25.5078    29.4118    
131072    20.69    25.4403    25.5253    30.6883    
262144    22.2493    26.0195    25.618    32.0191    
524288    33.7061    25.6239    25.5845    31.2162    
1.04858e+06    54.6981    25.6144    25.4704    31.6258    
2.09715e+06    67.7231    25.6396    25.454    31.9135    
4.1943e+06    75.1253    25.5719    25.5051    31.2835    
8.38861e+06    73.2288    25.5911    25.6193    30.8065    
1.67772e+07    74.0996    25.5139    25.5288    31.3813    
3.35544e+07    76.8488    25.6084    26.319    37.0106    
6.71089e+07    79.063    25.5818    25.5576    31.2169    
