64    20.5741    25.6867    26.3324    26.1708    
128    20.8802    26.2102    26.145    25.8797    
256    20.6969    25.4035    25.3904    25.6082    
512    20.8361    26.1415    25.9452    26.251    
1024    20.7064    25.4512    25.5359    26.3267    
2048    20.4875    25.3915    25.3923    26.4264    
4096    20.8704    25.604    25.7379    28.5093    
8192    20.9546    25.9452    26.003    33.5963    
16384    20.811    25.6393    25.5746    29.5845    
32768    21.1198    25.947    26.0885    37.0706    
65536    22.0214    25.9343    25.933    29.561    
131072    22.0575    25.6189    25.5172    30.5366    
262144    22.8582    25.6401    25.9023    43.0631    
524288    36.1591    25.6037    25.5746    32.3874    
1.04858e+06    51.1041    25.5384    25.598    36.3024    
2.09715e+06    71.4931    25.5389    25.5867    32.361    
4.1943e+06    72.8999    25.9051    26.8742    67.5023    
8.38861e+06    73.7297    25.5279    25.6622    31.3065    
1.67772e+07    75.324    25.6133    25.5042    32.6548    
3.35544e+07    77.3092    25.603    25.462    31.2899    
6.71089e+07    77.4845    25.9461    26.2241    49.8578    
