64    20.7853    25.8909    25.7951    25.9718    
128    20.9185    25.6731    25.5532    25.5451    
256    20.7304    25.5593    25.6981    25.6302    
512    20.5871    25.6164    25.6056    25.8151    
1024    20.7553    25.6805    25.6003    26.1808    
2048    20.5577    25.7174    25.6707    26.4024    
4096    20.747    25.6501    25.5567    26.8953    
8192    20.6603    25.6508    25.6818    26.6899    
16384    20.6868    25.6551    25.6053    27.7842    
32768    20.7643    25.6324    25.7871    28.8381    
65536    20.4316    25.4271    25.3234    29.0901    
131072    20.4489    25.3607    25.3299    30.9827    
262144    22.2345    25.4553    25.3656    30.7569    
524288    31.7709    25.536    25.4882    31.4954    
1.04858e+06    58.2689    25.6011    25.5941    40.4537    
2.09715e+06    69.4989    25.4263    25.5479    31.1382    
4.1943e+06    73.6317    25.4842    25.668    34.5461    
8.38861e+06    73.4177    25.4824    25.8845    31.4785    
1.67772e+07    74.9318    25.6036    25.4849    31.2871    
3.35544e+07    76.0803    25.7653    25.5925    31.0194    
6.71089e+07    78.3612    25.6302    25.6631    32.8335    
