32    417    6    
64    583    5    
128    1584    3    
256    1959    2    
512    3792    2    
1024    8917    2    
2048    22250    2    
4096    42750    2    
8192    83916    3    
16384    173333    2    
32768    334542    2    
65536    665833    2    
131072    1.41729e+06    3    
262144    3.86879e+06    5    
524288    1.17048e+07    3    
1.04858e+06    3.53416e+07    2    
2.09715e+06    7.0075e+07    2    
4.1943e+06    1.74979e+08    3    
8.38861e+06    3.73518e+08    3    
1.67772e+07    7.5586e+08    2    
