32    459    6    
64    667    5    
128    1500    3    
256    1917    2    
512    4125    2    
1024    9000    2    
2048    21292    2    
4096    44084    2    
8192    84042    3    
16384    200250    2    
32768    373667    2    
65536    671791    2    
131072    1.23538e+06    3    
262144    4.99179e+06    5    
524288    1.36837e+07    3    
1.04858e+06    3.58102e+07    2    
2.09715e+06    6.97904e+07    2    
4.1943e+06    1.66669e+08    3    
8.38861e+06    3.57548e+08    3    
1.67772e+07    7.26475e+08    2    
