32    291    3    
64    583    4    
128    3333    2    
256    1792    2    
512    3583    2    
1024    8292    2    
2048    17750    3    
4096    36958    2    
8192    80459    2    
16384    192791    2    
32768    320417    3    
65536    739917    2    
131072    1.37188e+06    2    
262144    6.21783e+06    2    
524288    1.32187e+07    2    
1.04858e+06    3.86225e+07    3    
2.09715e+06    9.1708e+07    2    
4.1943e+06    1.95201e+08    2    
8.38861e+06    3.76676e+08    2    
1.67772e+07    7.58434e+08    2    
