32    375    2    
64    625    2    
128    1334    3    
256    2250    2    
512    3833    2    
1024    10292    3    
2048    32709    2    
4096    35625    2    
8192    69708    2    
16384    140541    2    
32768    285084    2    
65536    578125    2    
131072    1.2245e+06    2    
262144    5.07171e+06    2    
524288    1.20398e+07    3    
1.04858e+06    3.70103e+07    2    
2.09715e+06    8.80225e+07    2    
4.1943e+06    1.80874e+08    2    
8.38861e+06    3.61403e+08    2    
1.67772e+07    7.26591e+08    3    
