32    375    2    
64    750    2    
128    4875    3    
256    6167    2    
512    3959    2    
1024    8833    2    
2048    18792    4    
4096    47917    3    
8192    79166    2    
16384    223375    2    
32768    281500    2    
65536    570583    2    
131072    1.27425e+06    2    
262144    5.23625e+06    2    
524288    9.88496e+06    2    
1.04858e+06    3.7998e+07    2    
2.09715e+06    8.61542e+07    2    
4.1943e+06    1.80621e+08    4    
8.38861e+06    3.54766e+08    5    
1.67772e+07    7.29689e+08    3    
