32    375    2    
64    917    2    
128    958    2    
256    2042    2    
512    3833    2    
1024    8666    2    
2048    17834    3    
4096    38917    4    
8192    71500    2    
16384    143916    2    
32768    345792    3    
65536    594875    2    
131072    1.19688e+06    2    
262144    3.941e+06    3    
524288    1.05604e+07    6    
1.04858e+06    2.40248e+07    12    
2.09715e+06    6.67178e+07    24    
4.1943e+06    1.05326e+08    18    
8.38861e+06    2.26623e+08    9    
1.67772e+07    4.75741e+08    5    
