32    791    2    
64    1584    2    
128    3167    3    
256    5875    2    
512    15959    2    
1024    28583    2    
2048    59167    4    
4096    117667    3    
8192    281459    2    
16384    488166    2    
32768    826458    2    
65536    2.18596e+06    2    
131072    3.65288e+06    2    
262144    7.68667e+06    2    
524288    1.37795e+07    2    
1.04858e+06    4.26758e+07    2    
2.09715e+06    9.25191e+07    2    
4.1943e+06    1.89726e+08    4    
8.38861e+06    3.67338e+08    5    
1.67772e+07    7.50732e+08    3    
