32    375    6    
64    542    5    
128    959    3    
256    1958    2    
512    3750    2    
1024    9125    2    
2048    19375    2    
4096    38583    2    
8192    81542    3    
16384    165917    2    
32768    328500    2    
65536    617458    2    
131072    1.54867e+06    3    
262144    5.84429e+06    5    
524288    1.38606e+07    3    
1.04858e+06    2.83835e+07    2    
2.09715e+06    6.33439e+07    2    
4.1943e+06    1.57152e+08    3    
8.38861e+06    3.55443e+08    3    
1.67772e+07    7.4754e+08    2    
