32    375    2    
64    625    2    
128    1042    2    
256    1916    2    
512    3709    2    
1024    12166    2    
2048    22209    3    
4096    40625    4    
8192    82042    2    
16384    161792    2    
32768    315541    3    
65536    593250    2    
131072    1.25996e+06    2    
262144    3.05575e+06    3    
524288    9.927e+06    6    
1.04858e+06    2.5578e+07    12    
2.09715e+06    9.01579e+07    24    
4.1943e+06    1.07653e+08    18    
8.38861e+06    2.78842e+08    9    
1.67772e+07    4.91381e+08    5    
