32    292    2    
64    625    2    
128    958    3    
256    2125    5    
512    3833    4    
1024    8792    2    
2048    19875    2    
4096    40667    3    
8192    84666    2    
16384    172916    2    
32768    329333    2    
65536    659959    3    
131072    1.44246e+06    2    
262144    3.93721e+06    2    
524288    1.04076e+07    2    
1.04858e+06    3.59898e+07    2    
2.09715e+06    9.00569e+07    3    
4.1943e+06    1.80594e+08    3    
8.38861e+06    3.60451e+08    2    
1.67772e+07    7.24357e+08    2    
