32    1083    42    
64    2125    0    
128    3958    0    
256    13333    0    
512    16958    42    
1024    38042    0    
2048    71958    42    
4096    147875    0    
8192    284625    0    
16384    698000    0    
32768    1.94404e+06    0    
65536    4.80254e+06    42    
131072    1.1393e+07    0    
262144    2.8203e+07    0    
524288    4.81462e+07    0    
1.04858e+06    1.50754e+08    0    
2.09715e+06    3.1965e+08    42    
4.1943e+06    7.6297e+08    41    
8.38861e+06    1.38908e+09    0    
1.67772e+07    2.75346e+09    0    
