32    7542    3167    
64    13458    6167    
128    30958    12875    
256    61000    26292    
512    127917    55625    
1024    269083    118584    
2048    565250    251625    
4096    1.19796e+06    533417    
8192    2.53471e+06    1.12767e+06    
16384    5.32458e+06    2.87075e+06    
32768    1.13797e+07    5.86358e+06    
65536    2.33472e+07    1.26326e+07    
131072    4.87985e+07    2.73111e+07    
262144    1.03557e+08    5.76168e+07    
524288    2.14187e+08    1.22692e+08    
