32    7500    2916    
64    14708    6041    
128    29666    12458    
256    59625    26334    
512    128333    55708    
1024    268292    118667    
2048    583416    254417    
4096    1.21575e+06    536625    
8192    2.56508e+06    1.12875e+06    
16384    5.40079e+06    2.61533e+06    
32768    1.13315e+07    5.87079e+06    
65536    2.35095e+07    1.26482e+07    
131072    4.95355e+07    2.49529e+07    
262144    1.06574e+08    5.14391e+07    
524288    2.15599e+08    1.3452e+08    
1.04858e+06    4.53081e+08    2.43935e+08    
2.09715e+06    9.40403e+08    4.21128e+08    
4.1943e+06    1.95583e+09    1.1628e+09    
8.38861e+06    4.06035e+09    1.92394e+09    
