32    7500    3500    
64    14125    6250    
128    30083    12667    
256    61458    26250    
512    126875    55625    
1024    270959    118541    
2048    570208    251625    
4096    1.20967e+06    533250    
8192    2.52188e+06    1.13062e+06    
16384    5.33379e+06    2.72246e+06    
32768    1.11317e+07    5.88562e+06    
65536    2.33457e+07    1.26885e+07    
131072    4.92828e+07    2.65478e+07    
262144    1.04054e+08    5.92927e+07    
524288    2.19552e+08    1.13856e+08    
