32    1333    42    
64    2875    0    
128    4333    0    
256    8542    42    
512    16792    0    
1024    36708    0    
2048    69208    0    
4096    148916    0    
8192    285708    42    
16384    715125    42    
32768    1.7125e+06    42    
65536    4.89121e+06    0    
131072    1.02805e+07    0    
262144    2.54675e+07    41    
524288    5.3733e+07    0    
1.04858e+06    9.81952e+07    42    
2.09715e+06    2.65227e+08    0    
4.1943e+06    5.40892e+08    0    
8.38861e+06    1.36025e+09    42    
1.67772e+07    2.69306e+09    0    
