32    8417    3375    
64    14750    6084    
128    29583    12625    
256    64583    27042    
512    132541    57417    
1024    280500    122708    
2048    587875    259375    
4096    1.26567e+06    561708    
8192    2.64483e+06    1.17192e+06    
16384    5.52171e+06    2.8365e+06    
32768    1.17032e+07    5.97817e+06    
65536    2.34852e+07    1.18256e+07    
131072    5.00452e+07    2.72407e+07    
262144    1.07106e+08    5.34005e+07    
524288    2.17564e+08    1.16942e+08    
1.04858e+06    4.48823e+08    2.41603e+08    
2.09715e+06    9.44055e+08    5.34531e+08    
4.1943e+06    1.95115e+09    1.09603e+09    
8.38861e+06    4.04212e+09    1.81402e+09    
