32    7083    3125    
64    19583    6209    
128    33417    12917    
256    59916    26000    
512    128500    55708    
1024    266583    118458    
2048    565167    254416    
4096    1.20112e+06    533375    
8192    2.52933e+06    1.13033e+06    
16384    5.32229e+06    2.71483e+06    
32768    1.12059e+07    5.88346e+06    
65536    2.33485e+07    1.26763e+07    
131072    4.88026e+07    2.66403e+07    
262144    1.03108e+08    6.01249e+07    
524288    2.20124e+08    1.33282e+08    
