32    7708    3250    
64    14375    6250    
128    32541    12875    
256    63084    26166    
512    125958    55792    
1024    267167    118500    
2048    579250    251750    
4096    1.19817e+06    533584    
8192    2.52642e+06    1.12771e+06    
16384    5.39558e+06    2.90396e+06    
32768    1.14539e+07    6.27758e+06    
65536    2.40028e+07    1.35943e+07    
131072    4.99263e+07    2.47353e+07    
262144    1.02614e+08    5.74811e+07    
524288    2.13845e+08    1.30848e+08    
