32    7792    3042    
64    23834    6292    
128    31708    13000    
256    61958    26125    
512    125959    55750    
1024    274708    118542    
2048    584792    251666    
4096    1.20671e+06    535583    
8192    2.54088e+06    1.12742e+06    
16384    5.33571e+06    2.87658e+06    
32768    1.13386e+07    6.42146e+06    
65536    2.34167e+07    1.26437e+07    
131072    4.88501e+07    2.70517e+07    
262144    1.03543e+08    4.73075e+07    
524288    2.13556e+08    1.28151e+08    
