32    1333    42    
64    2209    0    
128    10334    0    
256    16209    0    
512    16000    0    
1024    33708    0    
2048    69042    0    
4096    143958    0    
8192    272916    0    
16384    687666    0    
32768    1.93175e+06    0    
65536    4.79171e+06    42    
131072    1.13425e+07    0    
262144    2.62553e+07    0    
524288    6.13315e+07    41    
1.04858e+06    1.50504e+08    41    
2.09715e+06    2.9337e+08    0    
4.1943e+06    6.54361e+08    42    
8.38861e+06    1.40899e+09    42    
1.67772e+07    2.90957e+09    0    
