32    7292    2833    
64    14291    6167    
128    30458    12791    
256    59708    26333    
512    130667    55625    
1024    275334    119833    
2048    568625    251750    
4096    1.19554e+06    536041    
8192    2.53579e+06    1.13038e+06    
16384    5.56529e+06    2.76275e+06    
32768    1.15693e+07    5.88517e+06    
65536    2.33836e+07    1.2663e+07    
131072    5.04972e+07    2.8571e+07    
262144    1.02017e+08    5.2704e+07    
524288    2.15958e+08    1.10489e+08    
1.04858e+06    4.55089e+08    2.36505e+08    
2.09715e+06    9.37318e+08    4.20014e+08    
4.1943e+06    1.93677e+09    1.08885e+09    
8.38861e+06    4.039e+09    2.42917e+09    
