32    7208    3125    
64    14667    6292    
128    29042    12416    
256    60667    25958    
512    128791    55584    
1024    273625    118541    
2048    574250    251625    
4096    1.22379e+06    533333    
8192    2.57433e+06    1.12742e+06    
16384    5.39996e+06    2.74021e+06    
32768    1.13422e+07    5.89654e+06    
65536    2.34376e+07    1.30067e+07    
131072    4.92258e+07    2.82957e+07    
262144    1.03657e+08    6.32545e+07    
524288    2.14001e+08    1.23133e+08    
