32    7666    3250    
64    13916    6291    
128    29916    12792    
256    65416    26042    
512    134042    55708    
1024    269542    118500    
2048    568792    251541    
4096    1.21429e+06    533500    
8192    2.53933e+06    1.12758e+06    
16384    5.30254e+06    2.73729e+06    
32768    1.12075e+07    5.90692e+06    
65536    2.37773e+07    1.26165e+07    
131072    5.00682e+07    2.60072e+07    
262144    1.03231e+08    6.01158e+07    
524288    2.16361e+08    7.82136e+07    
