32    1125    42    
64    2208    42    
128    4000    0    
256    7916    0    
512    14917    0    
1024    31334    0    
2048    61834    0    
4096    130083    0    
8192    265042    0    
16384    693208    0    
32768    1.94208e+06    0    
65536    4.83812e+06    0    
131072    1.17728e+07    42    
262144    2.66863e+07    42    
524288    5.19068e+07    0    
1.04858e+06    1.41911e+08    0    
2.09715e+06    3.09518e+08    0    
4.1943e+06    6.6212e+08    0    
8.38861e+06    1.38945e+09    0    
1.67772e+07    2.92596e+09    42    
