32    7417    2958    
64    14333    5917    
128    28625    12250    
256    58791    26250    
512    128417    55500    
1024    270000    118541    
2048    566417    251500    
4096    1.2135e+06    535375    
8192    2.53821e+06    1.12767e+06    
16384    5.33033e+06    2.70692e+06    
32768    1.1167e+07    5.87792e+06    
65536    2.41032e+07    1.31262e+07    
131072    4.98603e+07    2.71184e+07    
262144    1.04764e+08    5.90525e+07    
524288    2.16054e+08    1.15215e+08    
1.04858e+06    4.55973e+08    2.82007e+08    
2.09715e+06    9.2793e+08    5.51675e+08    
4.1943e+06    1.94896e+09    9.38306e+08    
8.38861e+06    4.0639e+09    2.24399e+09    
