32    7666    3083    
64    13459    6166    
128    28250    12417    
256    60000    26209    
512    126125    55834    
1024    266625    118542    
2048    568125    251625    
4096    1.19988e+06    533542    
8192    2.52975e+06    1.128e+06    
16384    5.37308e+06    2.83788e+06    
32768    1.15057e+07    6.10158e+06    
65536    2.41265e+07    1.27328e+07    
131072    4.89013e+07    2.74927e+07    
262144    1.04383e+08    6.50836e+07    
524288    2.16892e+08    1.12466e+08    
1.04858e+06    4.4986e+08    2.1979e+08    
2.09715e+06    9.39277e+08    2.94413e+08    
4.1943e+06    1.94563e+09    6.83407e+08    
8.38861e+06    4.05675e+09    1.33172e+09    
