32    7625    3000    
64    23834    6084    
128    33083    12833    
256    60583    26375    
512    128000    55875    
1024    270208    118708    
2048    568333    251750    
4096    1.19017e+06    533375    
8192    2.55083e+06    1.17025e+06    
16384    5.31638e+06    2.77538e+06    
32768    1.13299e+07    5.90175e+06    
65536    2.37971e+07    1.29203e+07    
131072    5.02232e+07    2.79435e+07    
262144    1.03732e+08    5.88339e+07    
524288    2.15112e+08    1.25309e+08    
