32    7792    2875    
64    23458    6291    
128    32417    12833    
256    60250    26334    
512    125125    58417    
1024    265334    118458    
2048    563709    251625    
4096    1.19808e+06    535959    
8192    2.54117e+06    1.13062e+06    
16384    5.34108e+06    2.72792e+06    
32768    1.11597e+07    5.88317e+06    
65536    2.32815e+07    1.27859e+07    
131072    5.00129e+07    2.72362e+07    
262144    1.04118e+08    6.27539e+07    
524288    2.16983e+08    1.11463e+08    
