32    10583    2958    
64    14333    6083    
128    30041    12375    
256    61041    26250    
512    128375    55625    
1024    276250    118833    
2048    575667    251833    
4096    1.22038e+06    533416    
8192    2.53012e+06    1.13542e+06    
16384    5.29938e+06    2.72575e+06    
32768    1.1356e+07    5.88638e+06    
65536    2.36063e+07    1.27365e+07    
131072    4.89908e+07    2.78674e+07    
262144    1.03113e+08    5.90677e+07    
524288    2.14933e+08    1.27821e+08    
