32    1125    41    
64    2250    0    
128    9666    42    
256    13041    42    
512    20417    0    
1024    31375    0    
2048    66208    42    
4096    131667    42    
8192    265625    0    
16384    687458    41    
32768    1.92896e+06    0    
65536    4.34908e+06    0    
131072    8.48121e+06    0    
262144    1.95329e+07    0    
524288    6.4606e+07    0    
1.04858e+06    1.2863e+08    0    
2.09715e+06    2.9028e+08    42    
4.1943e+06    6.43197e+08    42    
8.38861e+06    1.16115e+09    41    
1.67772e+07    2.44731e+09    0    
