32    11334    3084    
64    13458    6167    
128    28875    13000    
256    71958    26166    
512    130000    55792    
1024    271917    118667    
2048    579000    251708    
4096    1.22088e+06    533583    
8192    2.56821e+06    1.12996e+06    
16384    5.59042e+06    2.88712e+06    
32768    1.1393e+07    5.88612e+06    
65536    2.38064e+07    1.05377e+07    
131072    4.90742e+07    2.73416e+07    
262144    1.03404e+08    6.14375e+07    
524288    2.14352e+08    1.24018e+08    
