32    7541    2834    
64    13750    6417    
128    29250    12750    
256    62000    26167    
512    127125    55750    
1024    269708    118709    
2048    566416    251667    
4096    1.25071e+06    536500    
8192    2.55762e+06    1.12838e+06    
16384    5.40929e+06    2.66779e+06    
32768    1.14311e+07    5.98708e+06    
65536    2.42437e+07    1.36986e+07    
131072    5.19448e+07    2.95288e+07    
262144    1.04272e+08    6.13668e+07    
524288    2.26069e+08    1.20272e+08    
