32    7250    3125    
64    14458    6208    
128    31125    12958    
256    60541    26084    
512    130167    55625    
1024    275375    118500    
2048    584917    251709    
4096    1.22717e+06    533458    
8192    2.56979e+06    1.15292e+06    
16384    5.41008e+06    2.71854e+06    
32768    1.13576e+07    5.88108e+06    
65536    2.37178e+07    1.29205e+07    
131072    4.92818e+07    2.74517e+07    
262144    1.03228e+08    5.73748e+07    
524288    2.20123e+08    1.17214e+08    
