32    7750    2917    
64    14208    6375    
128    29416    12875    
256    61708    26791    
512    129875    57417    
1024    276083    122208    
2048    600916    259250    
4096    1.24921e+06    566542    
8192    2.63962e+06    1.17446e+06    
16384    5.48104e+06    2.67317e+06    
32768    1.15247e+07    6.52417e+06    
65536    2.38726e+07    1.36342e+07    
131072    5.05423e+07    2.97335e+07    
262144    1.04203e+08    6.14122e+07    
524288    2.17676e+08    1.1831e+08    
1.04858e+06    4.52147e+08    2.83083e+08    
2.09715e+06    9.41414e+08    5.6201e+08    
4.1943e+06    1.98117e+09    1.13896e+09    
8.38861e+06    4.05179e+09    2.35512e+09    
