32    8000    3000    
64    13708    6166    
128    28292    12417    
256    58500    26208    
512    126041    55666    
1024    264250    118792    
2048    573917    251833    
4096    1.2015e+06    533250    
8192    2.5505e+06    1.12788e+06    
16384    5.31608e+06    2.7065e+06    
32768    1.13619e+07    6.05867e+06    
65536    2.46116e+07    1.38621e+07    
131072    4.98823e+07    2.21935e+07    
262144    1.03798e+08    5.20503e+07    
524288    2.18515e+08    1.1154e+08    
1.04858e+06    4.49809e+08    2.22909e+08    
2.09715e+06    9.31573e+08    4.60255e+08    
4.1943e+06    1.94279e+09    1.04529e+09    
8.38861e+06    4.03349e+09    1.99229e+09    
