32    7333    2917    
64    13875    6417    
128    28833    12750    
256    63041    26333    
512    130125    55792    
1024    270209    118542    
2048    564208    251542    
4096    1.19371e+06    533542    
8192    2.51904e+06    1.13258e+06    
16384    5.32083e+06    2.88908e+06    
32768    1.13188e+07    6.29533e+06    
65536    2.40061e+07    1.38134e+07    
131072    5.04852e+07    3.07272e+07    
262144    1.03356e+08    5.30027e+07    
524288    2.21022e+08    1.13319e+08    
