32    7250    2917    
64    14000    6250    
128    29417    13000    
256    62250    26333    
512    128542    55667    
1024    273333    121333    
2048    590834    266459    
4096    1.30646e+06    599875    
8192    2.89921e+06    1.26617e+06    
16384    5.62562e+06    2.98904e+06    
32768    1.15323e+07    5.86362e+06    
65536    2.34786e+07    1.26542e+07    
131072    4.92493e+07    2.25449e+07    
262144    1.02715e+08    6.02494e+07    
524288    2.12745e+08    1.23656e+08    
