32    7292    2917    
64    24917    6167    
128    29250    12250    
256    59542    26125    
512    127791    55750    
1024    269625    118416    
2048    564917    251583    
4096    1.19996e+06    533375    
8192    2.51812e+06    1.13308e+06    
16384    5.31675e+06    2.72288e+06    
32768    1.11389e+07    5.93875e+06    
65536    2.42698e+07    1.14889e+07    
131072    4.92588e+07    2.71988e+07    
262144    1.03708e+08    6.13787e+07    
524288    2.14712e+08    1.14149e+08    
