32    7375    2833    
64    13791    5958    
128    29333    12500    
256    60375    26375    
512    125708    55750    
1024    268667    118542    
2048    570416    251708    
4096    1.20496e+06    533459    
8192    2.53421e+06    1.12754e+06    
16384    5.30925e+06    2.68179e+06    
32768    1.11633e+07    5.91233e+06    
65536    2.39411e+07    1.27048e+07    
131072    5.04828e+07    2.67111e+07    
262144    1.03074e+08    6.5162e+07    
524288    2.1879e+08    1.16712e+08    
1.04858e+06    4.46843e+08    2.38454e+08    
2.09715e+06    9.38472e+08    6.23366e+08    
4.1943e+06    1.94011e+09    1.08027e+09    
8.38861e+06    4.05628e+09    2.33456e+09    
