32    7250    2917    
64    14125    6250    
128    30209    13209    
256    60875    27292    
512    130542    57875    
1024    277000    122083    
2048    603375    259458    
4096    1.25646e+06    537666    
8192    2.54317e+06    1.12783e+06    
16384    5.34158e+06    2.73946e+06    
32768    1.11723e+07    5.85721e+06    
65536    2.33479e+07    1.26672e+07    
131072    4.89494e+07    2.74508e+07    
262144    1.02641e+08    5.48115e+07    
524288    2.15647e+08    1.29358e+08    
