32    8125    3000    
64    14416    6667    
128    30542    13333    
256    63166    27083    
512    132125    57459    
1024    276625    127583    
2048    572500    254417    
4096    1.20079e+06    533500    
8192    2.54162e+06    1.12742e+06    
16384    5.36042e+06    2.82221e+06    
32768    1.15038e+07    5.86954e+06    
65536    2.35739e+07    1.28094e+07    
131072    4.97767e+07    2.59916e+07    
262144    1.04068e+08    4.59362e+07    
524288    2.14683e+08    1.21368e+08    
