32    7459    2959    
64    20000    6041    
128    29375    12750    
256    60834    26250    
512    126916    55709    
1024    268583    118625    
2048    567833    251667    
4096    1.20958e+06    536125    
8192    2.52004e+06    1.15462e+06    
16384    5.34692e+06    2.72188e+06    
32768    1.11463e+07    5.93817e+06    
65536    2.33443e+07    1.27022e+07    
131072    5.00255e+07    2.63278e+07    
262144    1.03565e+08    6.06094e+07    
524288    2.19033e+08    1.09362e+08    
