32    7334    3042    
64    13583    5917    
128    29000    12292    
256    59417    26209    
512    123958    55834    
1024    267875    118459    
2048    568875    264709    
4096    1.21054e+06    548833    
8192    2.55525e+06    1.13779e+06    
16384    5.38e+06    2.75729e+06    
32768    1.13086e+07    5.92846e+06    
65536    2.41215e+07    1.20646e+07    
131072    4.92194e+07    2.80723e+07    
262144    1.04635e+08    5.8048e+07    
524288    2.16799e+08    1.10347e+08    
1.04858e+06    4.48327e+08    2.18526e+08    
2.09715e+06    9.43192e+08    4.80185e+08    
4.1943e+06    1.95088e+09    1.09353e+09    
8.38861e+06    4.04825e+09    1.97787e+09    
