32    1625    42    
64    2500    0    
128    4375    0    
256    8125    0    
512    16167    42    
1024    34500    0    
2048    70041    42    
4096    148500    0    
8192    290292    0    
16384    746958    41    
32768    2.24004e+06    0    
65536    5.03917e+06    42    
131072    1.10018e+07    42    
262144    2.88021e+07    42    
524288    6.65575e+07    41    
1.04858e+06    1.19331e+08    0    
2.09715e+06    3.01167e+08    0    
4.1943e+06    5.28931e+08    0    
8.38861e+06    1.29715e+09    0    
1.67772e+07    2.47398e+09    0    
