32    10625    3000    
64    18458    6375    
128    29750    13125    
256    61000    29500    
512    135333    60125    
1024    282584    127792    
2048    592667    270667    
4096    1.31196e+06    583500    
8192    2.73254e+06    1.20792e+06    
16384    5.85817e+06    3.00067e+06    
32768    1.17021e+07    5.79008e+06    
65536    2.4261e+07    1.05111e+07    
131072    4.92518e+07    2.72523e+07    
262144    1.03147e+08    5.45913e+07    
524288    2.21841e+08    1.11492e+08    
