32    7083    3000    
64    13875    5958    
128    28750    12375    
256    60000    26209    
512    124417    55750    
1024    268833    118708    
2048    573208    251792    
4096    1.20488e+06    533417    
8192    2.53871e+06    1.18246e+06    
16384    5.34021e+06    2.69225e+06    
32768    1.12096e+07    5.88833e+06    
65536    2.51895e+07    1.17154e+07    
131072    5.03944e+07    2.59886e+07    
262144    1.03985e+08    5.80686e+07    
524288    2.18313e+08    1.14542e+08    
1.04858e+06    4.55598e+08    2.83066e+08    
2.09715e+06    9.44097e+08    4.84197e+08    
4.1943e+06    1.94745e+09    9.86666e+08    
8.38861e+06    4.06805e+09    2.25829e+09    
