32    7792    5500    
64    14375    6125    
128    28750    12792    
256    63125    26417    
512    128750    55625    
1024    274000    118375    
2048    581583    251542    
4096    1.21567e+06    583375    
8192    2.57667e+06    1.13342e+06    
16384    5.32562e+06    2.71175e+06    
32768    1.12335e+07    5.90579e+06    
65536    2.32962e+07    1.26432e+07    
131072    4.90832e+07    2.65735e+07    
262144    1.04481e+08    5.64319e+07    
524288    2.13183e+08    1.12113e+08    
