32    8250    3000    
64    14042    6166    
128    29250    12917    
256    61792    26916    
512    132292    57375    
1024    276750    122125    
2048    596459    265625    
4096    1.25212e+06    549583    
8192    2.622e+06    1.17312e+06    
16384    5.51667e+06    2.77833e+06    
32768    1.15171e+07    6.15492e+06    
65536    2.37591e+07    1.36677e+07    
131072    4.90122e+07    2.82605e+07    
262144    1.0203e+08    5.99066e+07    
524288    2.19807e+08    1.3216e+08    
1.04858e+06    4.65434e+08    2.50858e+08    
2.09715e+06    9.3035e+08    4.91591e+08    
4.1943e+06    1.95106e+09    9.94422e+08    
8.38861e+06    4.04018e+09    1.29096e+09    
