32    8000    3083    
64    13375    6000    
128    27875    12542    
256    58625    26250    
512    127834    55833    
1024    267375    118625    
2048    565291    251584    
4096    1.18975e+06    533292    
8192    2.52596e+06    1.12762e+06    
16384    5.29929e+06    2.71588e+06    
32768    1.11431e+07    5.85483e+06    
65536    2.33151e+07    1.26657e+07    
131072    4.99918e+07    2.25582e+07    
262144    1.03215e+08    5.52719e+07    
524288    2.1883e+08    1.15906e+08    
1.04858e+06    4.47705e+08    2.56976e+08    
2.09715e+06    9.38116e+08    4.77829e+08    
4.1943e+06    1.95524e+09    1.18685e+09    
8.38861e+06    4.05837e+09    2.32899e+09    
