32    7333    2834    
64    20167    6416    
128    31917    12708    
256    61000    26250    
512    129667    55583    
1024    270209    118583    
2048    572417    251667    
4096    1.20708e+06    541333    
8192    2.53042e+06    1.12783e+06    
16384    5.33742e+06    2.71862e+06    
32768    1.11849e+07    5.91933e+06    
65536    2.34838e+07    1.20963e+07    
131072    4.93031e+07    2.78032e+07    
262144    1.03418e+08    5.50821e+07    
524288    2.16597e+08    1.15505e+08    
