32    7542    2792    
64    13583    6167    
128    29959    12792    
256    63083    26292    
512    129334    55750    
1024    269125    118583    
2048    570250    267750    
4096    1.22258e+06    536417    
8192    2.52021e+06    1.14217e+06    
16384    5.31271e+06    2.76979e+06    
32768    1.11636e+07    5.85421e+06    
65536    2.34408e+07    1.23899e+07    
131072    5.07463e+07    2.81056e+07    
262144    1.03503e+08    5.87949e+07    
524288    2.13883e+08    1.26453e+08    
