32    7791    3042    
64    13625    6000    
128    29125    12416    
256    59875    26291    
512    125375    55708    
1024    268041    118500    
2048    567459    254334    
4096    1.22971e+06    533500    
8192    2.54529e+06    1.12771e+06    
16384    5.32217e+06    2.71896e+06    
32768    1.11566e+07    5.85788e+06    
65536    2.34542e+07    1.26345e+07    
131072    4.96945e+07    2.66502e+07    
262144    1.03373e+08    5.87976e+07    
524288    2.25167e+08    1.17009e+08    
