32    7959    3000    
64    13750    6208    
128    30416    12667    
256    63917    26250    
512    131834    55792    
1024    275917    118500    
2048    584167    251542    
4096    1.24921e+06    533500    
8192    2.55142e+06    1.15342e+06    
16384    5.40425e+06    2.71646e+06    
32768    1.11775e+07    5.91546e+06    
65536    2.42443e+07    1.05029e+07    
131072    4.90578e+07    2.19941e+07    
262144    1.04383e+08    5.29875e+07    
524288    2.15541e+08    1.23828e+08    
