32    7791    3042    
64    14125    6041    
128    28750    12541    
256    59875    26084    
512    125625    56042    
1024    268333    118583    
2048    577875    251917    
4096    1.20288e+06    533500    
8192    2.51821e+06    1.12762e+06    
16384    5.30512e+06    2.58362e+06    
32768    1.14676e+07    6.05162e+06    
65536    2.41042e+07    1.26056e+07    
131072    4.89992e+07    2.71358e+07    
262144    1.04161e+08    5.94995e+07    
524288    2.15283e+08    1.22073e+08    
1.04858e+06    4.49539e+08    2.61414e+08    
2.09715e+06    9.30382e+08    5.25957e+08    
4.1943e+06    1.95117e+09    1.02477e+09    
8.38861e+06    4.03227e+09    1.81019e+09    
