32    7458    3042    
64    13709    6041    
128    29000    12250    
256    57958    26208    
512    124833    55667    
1024    270500    122042    
2048    577166    251750    
4096    1.21042e+06    533333    
8192    2.51942e+06    1.12796e+06    
16384    5.30717e+06    2.76033e+06    
32768    1.13495e+07    5.91958e+06    
65536    2.40654e+07    1.19715e+07    
131072    5.04084e+07    2.49098e+07    
262144    1.06857e+08    4.6368e+07    
524288    2.18098e+08    9.72418e+07    
1.04858e+06    4.49703e+08    2.70952e+08    
2.09715e+06    9.39217e+08    4.51219e+08    
4.1943e+06    1.94833e+09    1.1192e+09    
8.38861e+06    4.07645e+09    2.5069e+09    
