32    1375    0    
64    2250    42    
128    4125    0    
256    7875    0    
512    15666    0    
1024    33875    0    
2048    65000    0    
4096    129666    0    
8192    271125    42    
16384    692084    42    
32768    1.942e+06    0    
65536    5.72392e+06    0    
131072    1.12858e+07    42    
262144    2.49403e+07    0    
524288    5.88537e+07    42    
1.04858e+06    1.19166e+08    42    
2.09715e+06    2.73062e+08    42    
4.1943e+06    5.66402e+08    0    
8.38861e+06    1.1452e+09    42    
1.67772e+07    2.41289e+09    0    
