32    8000    3041    
64    14250    6125    
128    30208    12875    
256    60333    26917    
512    130166    57417    
1024    279625    122166    
2048    585917    259292    
4096    1.23683e+06    550667    
8192    2.60833e+06    1.19188e+06    
16384    5.5815e+06    2.37512e+06    
32768    1.15147e+07    6.11012e+06    
65536    2.35842e+07    1.26474e+07    
131072    4.96995e+07    2.27458e+07    
262144    1.05555e+08    6.31896e+07    
524288    2.17513e+08    1.13348e+08    
1.04858e+06    4.59386e+08    2.37911e+08    
2.09715e+06    9.42759e+08    5.33202e+08    
4.1943e+06    1.95362e+09    8.74343e+08    
8.38861e+06    4.03689e+09    1.90423e+09    
