32    7875    2833    
64    20916    6125    
128    29334    12375    
256    61667    26166    
512    127458    55750    
1024    265958    118417    
2048    570209    251542    
4096    1.19092e+06    535917    
8192    2.52625e+06    1.13054e+06    
16384    5.30812e+06    2.71229e+06    
32768    1.11575e+07    5.88475e+06    
65536    2.35962e+07    1.26932e+07    
131072    4.93242e+07    2.59654e+07    
262144    1.04163e+08    5.57185e+07    
524288    2.13799e+08    1.22983e+08    
