32    8208    2959    
64    15375    6417    
128    68875    12292    
256    59667    26166    
512    126167    56375    
1024    302792    118542    
2048    603584    251709    
4096    1.28371e+06    533458    
8192    2.64508e+06    1.12762e+06    
16384    5.47567e+06    2.89338e+06    
32768    1.16998e+07    5.02429e+06    
65536    2.41808e+07    1.08741e+07    
131072    5.05218e+07    2.23188e+07    
262144    1.05061e+08    4.68898e+07    
524288    2.17744e+08    1.03244e+08    
