32    7375    3125    
64    19417    6292    
128    30750    12791    
256    61000    26167    
512    127125    55875    
1024    274667    118416    
2048    568125    251542    
4096    1.21579e+06    533583    
8192    2.57442e+06    1.13275e+06    
16384    5.41012e+06    2.72154e+06    
32768    1.13345e+07    5.87858e+06    
65536    2.39284e+07    1.42756e+07    
131072    5.08921e+07    2.79718e+07    
262144    1.03116e+08    6.51991e+07    
524288    2.20996e+08    1.15635e+08    
