32    1250    0    
64    2167    0    
128    4042    0    
256    7750    0    
512    15166    0    
1024    31292    0    
2048    61333    41    
4096    127750    0    
8192    271417    0    
16384    702208    42    
32768    1.92725e+06    0    
65536    4.79675e+06    0    
131072    1.17762e+07    0    
262144    2.83583e+07    0    
524288    7.29277e+07    42    
1.04858e+06    1.15048e+08    41    
2.09715e+06    3.10131e+08    0    
4.1943e+06    6.33586e+08    0    
8.38861e+06    1.37754e+09    0    
1.67772e+07    2.67103e+09    42    
