32    7458    3000    
64    21333    6333    
128    29167    12708    
256    61750    26083    
512    130167    55709    
1024    268959    118542    
2048    582666    251750    
4096    1.20571e+06    534458    
8192    2.58617e+06    1.13062e+06    
16384    5.40621e+06    2.71842e+06    
32768    1.14375e+07    6.25354e+06    
65536    2.36835e+07    1.27012e+07    
131072    4.91835e+07    2.99417e+07    
262144    1.03969e+08    5.68847e+07    
524288    2.14718e+08    1.11131e+08    
