32    7167    3041    
64    13708    6125    
128    30500    12916    
256    61667    26084    
512    128125    55667    
1024    266750    118333    
2048    563958    251709    
4096    1.20246e+06    533667    
8192    2.53146e+06    1.12788e+06    
16384    5.35279e+06    2.71625e+06    
32768    1.11329e+07    5.89304e+06    
65536    2.34538e+07    1.12814e+07    
131072    4.93908e+07    2.74762e+07    
262144    1.03698e+08    5.98011e+07    
524288    2.18409e+08    1.18251e+08    
