32    7667    3250    
64    14208    6250    
128    29666    12708    
256    60000    26333    
512    126917    55709    
1024    268375    118334    
2048    567208    259875    
4096    1.19712e+06    533500    
8192    2.52533e+06    1.12792e+06    
16384    5.31925e+06    2.72871e+06    
32768    1.11909e+07    5.80333e+06    
65536    2.43923e+07    1.05061e+07    
131072    4.92502e+07    2.60241e+07    
262144    1.04257e+08    6.22505e+07    
524288    2.27486e+08    1.31372e+08    
