32    1250    0    
64    2458    42    
128    5250    0    
256    12833    42    
512    16792    0    
1024    34917    0    
2048    67667    0    
4096    137333    41    
8192    275958    0    
16384    724625    41    
32768    1.96962e+06    0    
65536    5.172e+06    0    
131072    1.26279e+07    42    
262144    2.47181e+07    0    
524288    5.29753e+07    0    
1.04858e+06    1.27487e+08    0    
2.09715e+06    3.05827e+08    42    
4.1943e+06    5.58449e+08    0    
8.38861e+06    1.23858e+09    42    
1.67772e+07    2.75328e+09    0    
