32    7542    3125    
64    13792    5917    
128    28458    12333    
256    59125    26292    
512    127125    55625    
1024    269709    118958    
2048    569959    251708    
4096    1.20717e+06    533375    
8192    2.62396e+06    1.13379e+06    
16384    5.66612e+06    2.89479e+06    
32768    1.20198e+07    6.11704e+06    
65536    2.42131e+07    1.27293e+07    
131072    4.89017e+07    2.71423e+07    
262144    1.03714e+08    5.76041e+07    
524288    2.24287e+08    1.20723e+08    
1.04858e+06    4.49192e+08    2.58899e+08    
2.09715e+06    9.29469e+08    5.58351e+08    
4.1943e+06    1.95687e+09    1.2357e+09    
8.38861e+06    4.03477e+09    2.41711e+09    
