32    1125    42    
64    2042    0    
128    4583    0    
256    8375    42    
512    15458    42    
1024    37541    0    
2048    70125    41    
4096    142375    0    
8192    278125    0    
16384    685416    0    
32768    1.92629e+06    0    
65536    4.78454e+06    0    
131072    1.12041e+07    0    
262144    2.3111e+07    0    
524288    5.45054e+07    0    
1.04858e+06    1.70306e+08    0    
2.09715e+06    2.87282e+08    0    
4.1943e+06    6.79954e+08    0    
8.38861e+06    1.32846e+09    0    
1.67772e+07    2.77614e+09    0    
