32    7625    2917    
64    20292    6333    
128    29875    12791    
256    61625    26250    
512    126875    55583    
1024    268709    118666    
2048    567667    254375    
4096    1.20821e+06    536209    
8192    2.52633e+06    1.13054e+06    
16384    5.32554e+06    2.72396e+06    
32768    1.11615e+07    5.01283e+06    
65536    2.33335e+07    1.23682e+07    
131072    4.91908e+07    2.65425e+07    
262144    1.04081e+08    5.88032e+07    
524288    2.14386e+08    1.33736e+08    
