32    7833    3334    
64    14208    6042    
128    29167    12875    
256    61042    26250    
512    125416    55666    
1024    269542    118541    
2048    570459    251792    
4096    1.19983e+06    533458    
8192    2.53733e+06    1.12804e+06    
16384    5.33512e+06    2.88708e+06    
32768    1.13222e+07    6.29954e+06    
65536    2.39018e+07    1.36468e+07    
131072    5.13116e+07    2.71524e+07    
262144    1.04314e+08    5.92025e+07    
524288    2.15664e+08    1.21376e+08    
