32    8083    3167    
64    13833    6083    
128    29334    12459    
256    59250    26166    
512    127208    55750    
1024    267541    118584    
2048    581375    252708    
4096    1.20946e+06    535000    
8192    2.60388e+06    1.15154e+06    
16384    5.34854e+06    2.74625e+06    
32768    1.15763e+07    4.998e+06    
65536    2.37365e+07    1.09585e+07    
131072    5.02865e+07    2.53469e+07    
262144    1.04997e+08    5.23236e+07    
524288    2.16783e+08    9.82886e+07    
1.04858e+06    4.53009e+08    2.87218e+08    
2.09715e+06    9.50074e+08    6.03759e+08    
4.1943e+06    1.97447e+09    1.24431e+09    
8.38861e+06    4.05001e+09    1.84756e+09    
