32    7083    3208    
64    13833    6375    
128    30042    12791    
256    66375    37583    
512    128542    57334    
1024    273917    141833    
2048    627792    276375    
4096    1.23988e+06    550792    
8192    2.60821e+06    1.20021e+06    
16384    5.53258e+06    2.37525e+06    
32768    1.15665e+07    5.22467e+06    
65536    2.38819e+07    1.08013e+07    
131072    5.01462e+07    2.24557e+07    
262144    1.04354e+08    5.50655e+07    
524288    2.17128e+08    9.59206e+07    
