32    7417    3084    
64    14083    6292    
128    29292    12791    
256    65500    27042    
512    129458    57291    
1024    276916    122291    
2048    591250    259292    
4096    1.22708e+06    552250    
8192    2.595e+06    1.165e+06    
16384    5.56038e+06    2.76388e+06    
32768    1.16331e+07    5.86246e+06    
65536    2.36468e+07    1.26101e+07    
131072    5.02996e+07    2.83981e+07    
262144    1.03171e+08    5.27802e+07    
524288    2.19545e+08    1.35413e+08    
1.04858e+06    4.49634e+08    2.3227e+08    
2.09715e+06    9.34221e+08    4.95328e+08    
4.1943e+06    1.94838e+09    1.15747e+09    
8.38861e+06    4.04082e+09    2.31488e+09    
