32    7875    3084    
64    19000    6333    
128    31250    13167    
256    63000    26084    
512    126000    55708    
1024    267084    118458    
2048    565584    251917    
4096    1.20667e+06    536041    
8192    2.53208e+06    1.13075e+06    
16384    5.37842e+06    2.71867e+06    
32768    1.11451e+07    5.88721e+06    
65536    2.33967e+07    1.26208e+07    
131072    4.87389e+07    2.81809e+07    
262144    1.03937e+08    5.78919e+07    
524288    2.15091e+08    1.26777e+08    
