32    8375    2750    
64    14375    6041    
128    28333    13458    
256    62917    26375    
512    143709    61542    
1024    287042    132667    
2048    622500    285458    
4096    1.34546e+06    549875    
8192    2.83833e+06    1.17254e+06    
16384    5.49725e+06    2.83304e+06    
32768    1.15146e+07    6.12771e+06    
65536    2.37101e+07    1.26168e+07    
131072    4.92088e+07    2.88965e+07    
262144    1.03511e+08    5.68159e+07    
524288    2.20387e+08    1.16737e+08    
1.04858e+06    4.48254e+08    2.68517e+08    
2.09715e+06    9.5213e+08    5.73975e+08    
4.1943e+06    1.94511e+09    1.13647e+09    
8.38861e+06    4.06507e+09    2.3647e+09    
