32    7166    3000    
64    14583    6167    
128    29416    12917    
256    63208    26041    
512    125791    55750    
1024    269167    118542    
2048    573792    251625    
4096    1.21583e+06    535833    
8192    2.52729e+06    1.12771e+06    
16384    5.30162e+06    2.71929e+06    
32768    1.11745e+07    5.89288e+06    
65536    2.33188e+07    1.39215e+07    
131072    5.08765e+07    2.72108e+07    
262144    1.03677e+08    5.34594e+07    
524288    2.12995e+08    1.27809e+08    
