32    7750    3167    
64    13750    6084    
128    27417    12583    
256    58875    26333    
512    126958    55792    
1024    265625    118500    
2048    563375    251875    
4096    1.28083e+06    555292    
8192    2.71317e+06    1.12729e+06    
16384    5.56833e+06    2.56546e+06    
32768    1.16316e+07    5.92379e+06    
65536    2.406e+07    1.2201e+07    
131072    4.97879e+07    2.61984e+07    
262144    1.04001e+08    5.38998e+07    
524288    2.16926e+08    9.723e+07    
1.04858e+06    4.51813e+08    2.39571e+08    
2.09715e+06    9.4345e+08    5.4656e+08    
4.1943e+06    1.94677e+09    8.74026e+08    
8.38861e+06    4.09109e+09    1.91468e+09    
