32    7917    2958    
64    14333    6125    
128    29667    12708    
256    62250    26167    
512    126083    55625    
1024    273416    118459    
2048    565042    251583    
4096    1.20571e+06    533667    
8192    2.53267e+06    1.12788e+06    
16384    5.39625e+06    2.71883e+06    
32768    1.14142e+07    5.92025e+06    
65536    2.35425e+07    1.26692e+07    
131072    4.94732e+07    2.52781e+07    
262144    1.04189e+08    5.49703e+07    
524288    2.17314e+08    1.00099e+08    
