32    7750    3125    
64    13833    6208    
128    30375    13084    
256    61208    26166    
512    126500    55708    
1024    266917    118500    
2048    570792    251666    
4096    1.19308e+06    533500    
8192    2.53612e+06    1.12804e+06    
16384    5.55217e+06    2.87696e+06    
32768    1.11896e+07    5.88067e+06    
65536    2.33178e+07    1.26709e+07    
131072    4.89748e+07    2.77942e+07    
262144    1.03753e+08    5.47311e+07    
524288    2.17696e+08    1.33408e+08    
