32    7792    3125    
64    14083    6042    
128    28875    12583    
256    59250    26125    
512    125792    55667    
1024    269458    118458    
2048    583042    251834    
4096    1.21842e+06    533667    
8192    2.523e+06    1.12792e+06    
16384    5.41358e+06    2.77112e+06    
32768    1.14619e+07    6.38854e+06    
65536    2.4346e+07    1.43373e+07    
131072    5.0194e+07    2.69224e+07    
262144    1.04643e+08    5.90589e+07    
524288    2.14758e+08    1.07105e+08    
1.04858e+06    4.5808e+08    2.77066e+08    
2.09715e+06    9.63069e+08    5.39094e+08    
4.1943e+06    1.97886e+09    1.13717e+09    
8.38861e+06    4.04868e+09    1.79946e+09    
