32    7916    2833    
64    13334    6125    
128    28792    12333    
256    59333    26166    
512    124583    55667    
1024    269500    118458    
2048    593875    251833    
4096    1.22275e+06    533375    
8192    2.55329e+06    1.12767e+06    
16384    5.36462e+06    2.616e+06    
32768    1.13706e+07    5.67238e+06    
65536    2.35251e+07    1.27513e+07    
131072    5.20034e+07    2.64642e+07    
262144    1.02719e+08    6.4852e+07    
524288    2.20212e+08    1.38145e+08    
1.04858e+06    4.54347e+08    2.54181e+08    
2.09715e+06    9.39078e+08    5.38778e+08    
4.1943e+06    1.94184e+09    9.44513e+08    
8.38861e+06    4.05387e+09    2.08635e+09    
