32    7417    3000    
64    13292    6000    
128    30000    12750    
256    61500    26167    
512    127083    55958    
1024    267000    118500    
2048    564042    251584    
4096    1.19767e+06    533667    
8192    2.53179e+06    1.12771e+06    
16384    5.31579e+06    2.72938e+06    
32768    1.1153e+07    5.91388e+06    
65536    2.33548e+07    1.27293e+07    
131072    5.0284e+07    2.31705e+07    
262144    1.09986e+08    5.95432e+07    
524288    2.15037e+08    9.56182e+07    
1.04858e+06    4.59682e+08    2.76925e+08    
2.09715e+06    9.48837e+08    5.47441e+08    
4.1943e+06    1.96908e+09    1.16882e+09    
8.38861e+06    4.04775e+09    2.17789e+09    
