32    7291    2833    
64    13791    6209    
128    31792    12791    
256    60042    26042    
512    126958    55750    
1024    270500    118417    
2048    562250    251750    
4096    1.19867e+06    536041    
8192    2.53821e+06    1.13017e+06    
16384    5.32758e+06    2.71258e+06    
32768    1.11662e+07    5.90108e+06    
65536    2.33025e+07    1.26329e+07    
131072    4.89078e+07    2.76692e+07    
262144    1.02695e+08    5.70781e+07    
524288    2.17009e+08    1.23754e+08    
