32    7375    3083    
64    13417    6166    
128    31750    12292    
256    61417    26125    
512    124958    55583    
1024    271708    118333    
2048    581250    251750    
4096    1.20954e+06    533417    
8192    2.54471e+06    1.12767e+06    
16384    5.32538e+06    2.71654e+06    
32768    1.11528e+07    5.85471e+06    
65536    2.33908e+07    1.26208e+07    
131072    4.93557e+07    2.70702e+07    
262144    1.05212e+08    6.17418e+07    
524288    2.26498e+08    1.38186e+08    
