32    7375    2917    
64    13417    6334    
128    29333    12875    
256    61208    26209    
512    126917    55750    
1024    268708    118708    
2048    567583    251875    
4096    1.20454e+06    548583    
8192    2.60133e+06    1.14012e+06    
16384    5.36183e+06    2.72958e+06    
32768    1.11516e+07    5.94454e+06    
65536    2.34753e+07    1.19897e+07    
131072    4.91911e+07    2.65819e+07    
262144    1.03653e+08    6.22731e+07    
524288    2.16188e+08    9.95521e+07    
