32    7792    3375    
64    13708    6125    
128    28792    12750    
256    61791    27125    
512    130333    57459    
1024    274166    123500    
2048    592625    259375    
4096    1.27021e+06    549667    
8192    2.6385e+06    1.17296e+06    
16384    5.50958e+06    3.023e+06    
32768    1.16183e+07    6.50825e+06    
65536    2.39268e+07    1.38873e+07    
131072    5.08963e+07    3.11432e+07    
262144    1.03703e+08    6.06157e+07    
524288    2.17213e+08    1.39534e+08    
1.04858e+06    4.54612e+08    2.04419e+08    
2.09715e+06    9.57949e+08    5.39211e+08    
4.1943e+06    1.96182e+09    1.09516e+09    
8.38861e+06    4.05034e+09    2.25756e+09    
