32    10292    2834    
64    14541    6041    
128    30041    12625    
256    59333    26125    
512    126292    55833    
1024    270291    118375    
2048    575084    251625    
4096    1.20958e+06    533541    
8192    2.52425e+06    1.12754e+06    
16384    5.37412e+06    2.68854e+06    
32768    1.13725e+07    5.87779e+06    
65536    2.40755e+07    1.09562e+07    
131072    4.99644e+07    2.54462e+07    
262144    1.04384e+08    6.58728e+07    
524288    2.17228e+08    1.11266e+08    
1.04858e+06    4.53218e+08    2.05292e+08    
2.09715e+06    9.45052e+08    5.33854e+08    
4.1943e+06    1.97756e+09    1.13808e+09    
8.38861e+06    4.06548e+09    2.42129e+09    
