32    8125    2834    
64    14208    6167    
128    30791    12750    
256    60000    26083    
512    127208    55791    
1024    273625    118417    
2048    577458    251833    
4096    1.23688e+06    536417    
8192    2.52679e+06    1.15654e+06    
16384    5.30671e+06    2.37979e+06    
32768    1.11619e+07    5.75975e+06    
65536    2.33222e+07    1.24074e+07    
131072    4.88146e+07    2.66474e+07    
262144    1.03148e+08    5.47002e+07    
524288    2.15515e+08    1.20932e+08    
