32    1250    0    
64    2333    0    
128    4208    0    
256    7792    41    
512    15083    42    
1024    31500    42    
2048    61417    0    
4096    131583    0    
8192    267167    0    
16384    699375    41    
32768    2.09062e+06    42    
65536    5.71354e+06    0    
131072    1.32645e+07    41    
262144    2.01209e+07    42    
524288    6.45812e+07    42    
1.04858e+06    1.34642e+08    0    
2.09715e+06    1.93511e+08    0    
4.1943e+06    4.178e+08    0    
8.38861e+06    1.36561e+09    0    
1.67772e+07    2.83784e+09    42    
