32    7834    2917    
64    13750    5958    
128    29000    12750    
256    61292    26042    
512    127500    55750    
1024    269208    118458    
2048    569250    251875    
4096    1.19708e+06    533500    
8192    2.53358e+06    1.12779e+06    
16384    5.56121e+06    2.7635e+06    
32768    1.1723e+07    6.08188e+06    
65536    2.38709e+07    1.3046e+07    
131072    4.88092e+07    2.54397e+07    
262144    1.03345e+08    5.80282e+07    
524288    2.15414e+08    1.168e+08    
1.04858e+06    4.52161e+08    2.60929e+08    
2.09715e+06    9.38614e+08    5.76563e+08    
4.1943e+06    1.95142e+09    1.14891e+09    
8.38861e+06    4.043e+09    2.2123e+09    
