32    7708    3042    
64    13875    5916    
128    28041    12334    
256    59625    26333    
512    125209    55583    
1024    276250    119792    
2048    577709    251708    
4096    1.20258e+06    533292    
8192    2.518e+06    1.12792e+06    
16384    5.3645e+06    2.80554e+06    
32768    1.15558e+07    6.05275e+06    
65536    2.42466e+07    1.2141e+07    
131072    4.8938e+07    2.71286e+07    
262144    1.03426e+08    5.71674e+07    
524288    2.17166e+08    1.36718e+08    
1.04858e+06    4.46342e+08    2.52019e+08    
2.09715e+06    9.33116e+08    5.32704e+08    
4.1943e+06    1.97976e+09    9.14999e+08    
8.38861e+06    4.03807e+09    2.10162e+09    
