32    7209    2833    
64    14208    6417    
128    29125    12959    
256    60167    26250    
512    127416    55542    
1024    268584    118500    
2048    580166    251792    
4096    1.20525e+06    533292    
8192    2.53183e+06    1.12767e+06    
16384    5.32146e+06    2.84171e+06    
32768    1.15785e+07    5.78958e+06    
65536    2.39545e+07    1.26794e+07    
131072    4.94236e+07    2.79524e+07    
262144    1.04223e+08    5.87852e+07    
524288    2.16149e+08    1.14862e+08    
