32    7625    2875    
64    13958    6083    
128    32459    13042    
256    60708    27084    
512    126541    57417    
1024    279084    121625    
2048    586167    254417    
4096    1.19742e+06    535834    
8192    2.53954e+06    1.13575e+06    
16384    5.30933e+06    2.71929e+06    
32768    1.11468e+07    5.88521e+06    
65536    2.36464e+07    1.26226e+07    
131072    4.93945e+07    2.74178e+07    
262144    1.04432e+08    5.77407e+07    
524288    2.14194e+08    1.16844e+08    
