32    7541    2958    
64    14375    6166    
128    29250    12750    
256    61583    26167    
512    126709    55792    
1024    266750    118542    
2048    583041    251583    
4096    1.23142e+06    584417    
8192    2.53983e+06    1.13025e+06    
16384    5.31167e+06    2.71904e+06    
32768    1.11351e+07    5.88992e+06    
65536    2.33929e+07    1.26874e+07    
131072    4.88399e+07    2.82588e+07    
262144    1.04058e+08    5.67548e+07    
524288    2.13154e+08    1.20537e+08    
