32    7125    2958    
64    13958    6167    
128    29500    12959    
256    61708    26084    
512    127000    55625    
1024    267416    118708    
2048    567625    251625    
4096    1.20254e+06    533458    
8192    2.56038e+06    1.14967e+06    
16384    5.44154e+06    2.73888e+06    
32768    1.14665e+07    6.02262e+06    
65536    2.42383e+07    1.06763e+07    
131072    5.01444e+07    2.71505e+07    
262144    1.04241e+08    5.55438e+07    
524288    2.18699e+08    1.29968e+08    
