32    7792    2750    
64    14125    6292    
128    30042    12250    
256    61167    26166    
512    127750    55792    
1024    270125    121416    
2048    564083    254625    
4096    1.20025e+06    536167    
8192    2.52842e+06    1.13079e+06    
16384    5.31142e+06    2.71938e+06    
32768    1.11727e+07    5.89821e+06    
65536    2.34023e+07    1.26517e+07    
131072    4.97468e+07    2.75082e+07    
262144    1.05361e+08    6.02774e+07    
524288    2.23957e+08    1.14182e+08    
