32    7875    2916    
64    13791    6208    
128    36125    13167    
256    61042    27500    
512    130042    57583    
1024    281250    122209    
2048    606167    262208    
4096    1.27858e+06    533209    
8192    2.54633e+06    1.12875e+06    
16384    5.48779e+06    2.75725e+06    
32768    1.14768e+07    6.10371e+06    
65536    2.39217e+07    1.30589e+07    
131072    5.05716e+07    2.291e+07    
262144    1.04487e+08    4.70725e+07    
524288    2.18001e+08    1.01730e+08    
1.04858e+06    4.55524e+08    2.02596e+08    
2.09715e+06    9.39945e+08    4.56328e+08    
4.1943e+06    1.94885e+09    9.13345e+08    
8.38861e+06    4.02141e+09    1.97234e+09    
