32    1167    0    
64    2125    0    
128    4250    42    
256    7917    42    
512    15500    0    
1024    32792    0    
2048    66375    0    
4096    141875    0    
8192    278625    0    
16384    760708    0    
32768    2.24512e+06    42    
65536    5.04354e+06    0    
131072    1.13487e+07    42    
262144    3.03566e+07    42    
524288    6.52938e+07    42    
1.04858e+06    1.44327e+08    42    
2.09715e+06    2.93606e+08    0    
4.1943e+06    6.5554e+08    0    
8.38861e+06    1.35961e+09    0    
1.67772e+07    2.96911e+09    41    
