32    7667    2875    
64    13542    5958    
128    30500    12750    
256    62417    26125    
512    132041    55542    
1024    274500    118416    
2048    583958    251750    
4096    1.23012e+06    533500    
8192    2.53829e+06    1.12775e+06    
16384    5.33646e+06    2.73012e+06    
32768    1.13582e+07    5.91229e+06    
65536    2.37071e+07    1.27069e+07    
131072    4.98324e+07    2.71591e+07    
262144    1.05316e+08    4.65528e+07    
524288    2.16725e+08    1.25511e+08    
