32    6708    2917    
64    14125    6084    
128    31666    13000    
256    63750    25958    
512    125834    55541    
1024    266250    118500    
2048    572541    251625    
4096    1.20508e+06    533542    
8192    2.52612e+06    1.13621e+06    
16384    5.30296e+06    2.71829e+06    
32768    1.11643e+07    5.88188e+06    
65536    2.33214e+07    1.27015e+07    
131072    4.89453e+07    2.70395e+07    
262144    1.03378e+08    5.55561e+07    
524288    2.14622e+08    1.24848e+08    
