32    7458    2833    
64    13500    6334    
128    29583    12667    
256    61709    26125    
512    127083    55875    
1024    268458    118500    
2048    568208    251750    
4096    1.20067e+06    533417    
8192    2.53004e+06    1.12821e+06    
16384    5.32371e+06    2.75512e+06    
32768    1.16489e+07    5.97938e+06    
65536    2.33807e+07    1.26849e+07    
131072    4.90243e+07    2.68575e+07    
262144    1.02597e+08    5.43962e+07    
524288    2.25276e+08    1.23496e+08    
