32    7333    2917    
64    13959    6125    
128    30542    12958    
256    61500    26125    
512    130833    55500    
1024    276583    118458    
2048    581083    251583    
4096    1.23008e+06    536292    
8192    2.61221e+06    1.13042e+06    
16384    5.43588e+06    2.71925e+06    
32768    1.13483e+07    5.92404e+06    
65536    2.38283e+07    1.21335e+07    
131072    4.97935e+07    2.56192e+07    
262144    1.04848e+08    6.07665e+07    
524288    2.13975e+08    1.20378e+08    
