32    7208    2958    
64    14583    6292    
128    29750    12959    
256    59291    26208    
512    128083    55792    
1024    272875    118375    
2048    564625    251667    
4096    1.19917e+06    533583    
8192    2.53179e+06    1.14108e+06    
16384    5.31912e+06    2.70525e+06    
32768    1.11486e+07    6.10583e+06    
65536    2.41948e+07    1.22487e+07    
131072    4.92543e+07    2.66515e+07    
262144    1.03704e+08    4.98175e+07    
524288    2.14367e+08    1.24322e+08    
