32    7500    3000    
64    24041    6250    
128    28583    12708    
256    60291    26000    
512    126458    58416    
1024    275084    118375    
2048    575459    251625    
4096    1.19942e+06    533083    
8192    2.51529e+06    1.13054e+06    
16384    5.32225e+06    2.88721e+06    
32768    1.12383e+07    6.30288e+06    
65536    2.36095e+07    1.36046e+07    
131072    4.97106e+07    2.73728e+07    
262144    1.03417e+08    5.67687e+07    
524288    2.25012e+08    1.35245e+08    
