32    7875    3000    
64    13667    6458    
128    29833    12833    
256    61083    26875    
512    131541    57583    
1024    276917    121917    
2048    585458    259417    
4096    1.23983e+06    549709    
8192    2.60729e+06    1.16279e+06    
16384    5.52421e+06    2.99833e+06    
32768    1.11847e+07    5.93433e+06    
65536    2.3331e+07    1.3079e+07    
131072    4.99968e+07    2.59872e+07    
262144    1.05369e+08    5.4677e+07    
524288    2.16534e+08    1.27498e+08    
1.04858e+06    4.52119e+08    2.67313e+08    
2.09715e+06    9.48003e+08    5.40628e+08    
4.1943e+06    1.96229e+09    1.1395e+09    
8.38861e+06    4.07902e+09    2.13771e+09    
