32    7541    2958    
64    14500    6166    
128    28875    12542    
256    60917    26125    
512    128958    55583    
1024    266959    118458    
2048    578292    251917    
4096    1.20279e+06    538459    
8192    2.53267e+06    1.12754e+06    
16384    5.30133e+06    2.73892e+06    
32768    1.11211e+07    5.96175e+06    
65536    2.32994e+07    1.26245e+07    
131072    4.99185e+07    2.90888e+07    
262144    1.03273e+08    6.11209e+07    
524288    2.15662e+08    1.23598e+08    
