32    7375    2917    
64    13833    6334    
128    28833    12792    
256    62083    26333    
512    129875    55875    
1024    270208    118375    
2048    565542    251875    
4096    1.20467e+06    546917    
8192    2.59379e+06    1.12783e+06    
16384    5.40833e+06    2.71404e+06    
32768    1.14193e+07    6.00775e+06    
65536    2.41805e+07    1.16211e+07    
131072    5.03703e+07    2.44444e+07    
262144    1.05325e+08    5.27315e+07    
524288    2.15278e+08    1.27265e+08    
