32    7792    2917    
64    14000    6208    
128    29417    12750    
256    60750    26084    
512    133416    55750    
1024    276541    120042    
2048    579084    251666    
4096    1.20662e+06    533250    
8192    2.56312e+06    1.15192e+06    
16384    5.31888e+06    2.83542e+06    
32768    1.19245e+07    5.86129e+06    
65536    2.35011e+07    1.26768e+07    
131072    4.90715e+07    2.75621e+07    
262144    1.03816e+08    5.93408e+07    
524288    2.15317e+08    1.19856e+08    
