32    8042    3083    
64    14625    6167    
128    30292    12667    
256    61667    27042    
512    133500    59250    
1024    289333    125208    
2048    599250    259666    
4096    1.2535e+06    552292    
8192    2.59542e+06    1.12775e+06    
16384    5.34038e+06    2.67842e+06    
32768    1.11854e+07    5.8825e+06    
65536    2.3443e+07    1.26644e+07    
131072    5.00432e+07    2.85147e+07    
262144    1.06554e+08    5.32386e+07    
524288    2.15706e+08    1.23716e+08    
1.04858e+06    4.50492e+08    2.24669e+08    
2.09715e+06    9.55608e+08    3.40766e+08    
4.1943e+06    1.98267e+09    6.92492e+08    
8.38861e+06    4.05155e+09    1.36182e+09    
