32    7750    3166    
64    14083    6083    
128    28583    12750    
256    60084    26250    
512    125500    55708    
1024    266333    118500    
2048    567375    251750    
4096    1.19425e+06    558208    
8192    2.57979e+06    1.12804e+06    
16384    5.31308e+06    2.88554e+06    
32768    1.13257e+07    6.31962e+06    
65536    2.39862e+07    1.36774e+07    
131072    5.07217e+07    2.70931e+07    
262144    1.03439e+08    6.04318e+07    
524288    2.15091e+08    1.28081e+08    
