32    7417    3042    
64    14375    6125    
128    32041    12750    
256    60125    26208    
512    126917    55833    
1024    267625    118500    
2048    576709    254625    
4096    1.20858e+06    533625    
8192    2.52271e+06    1.12808e+06    
16384    5.35629e+06    2.71692e+06    
32768    1.12182e+07    5.94596e+06    
65536    2.33117e+07    1.29137e+07    
131072    5.04063e+07    2.71863e+07    
262144    1.03569e+08    5.42816e+07    
524288    2.20275e+08    1.28352e+08    
