32    8125    2916    
64    14333    6500    
128    35958    13000    
256    63375    27708    
512    165833    59333    
1024    281041    118750    
2048    566500    254959    
4096    1.19779e+06    533416    
8192    2.52588e+06    1.12779e+06    
16384    5.55138e+06    2.87458e+06    
32768    1.12962e+07    5.91367e+06    
65536    2.34214e+07    1.26167e+07    
131072    4.95435e+07    2.56435e+07    
262144    1.05511e+08    5.53234e+07    
524288    2.15725e+08    1.33921e+08    
1.04858e+06    4.49065e+08    2.624e+08    
2.09715e+06    9.44005e+08    4.80313e+08    
4.1943e+06    1.97017e+09    1.00224e+09    
8.38861e+06    4.0646e+09    2.2725e+09    
