32    7334    3000    
64    13250    6167    
128    29000    12833    
256    59500    26292    
512    124833    55667    
1024    268958    118375    
2048    568000    251833    
4096    1.20033e+06    533375    
8192    2.51904e+06    1.12796e+06    
16384    5.31954e+06    2.71646e+06    
32768    1.17241e+07    5.93554e+06    
65536    2.33531e+07    1.26899e+07    
131072    4.89694e+07    2.70675e+07    
262144    1.02752e+08    5.91978e+07    
524288    2.24883e+08    1.42913e+08    
