32    7791    2917    
64    14125    6166    
128    28792    12458    
256    61625    26417    
512    127291    55959    
1024    267083    118583    
2048    570583    251583    
4096    1.19608e+06    533250    
8192    2.54162e+06    1.13058e+06    
16384    5.33175e+06    2.72025e+06    
32768    1.11703e+07    5.89092e+06    
65536    2.33907e+07    1.29468e+07    
131072    4.97326e+07    2.30612e+07    
262144    1.03296e+08    5.69182e+07    
524288    2.23017e+08    1.37603e+08    
