32    7500    3042    
64    13833    6250    
128    29625    12667    
256    60167    26167    
512    126584    55708    
1024    266708    118500    
2048    564167    251583    
4096    1.21154e+06    557375    
8192    2.54846e+06    1.13317e+06    
16384    5.31112e+06    2.74421e+06    
32768    1.12011e+07    5.94025e+06    
65536    2.35191e+07    1.26748e+07    
131072    4.91915e+07    2.71235e+07    
262144    1.03998e+08    5.65466e+07    
524288    2.16314e+08    1.06765e+08    
