32    7458    2833    
64    14459    6167    
128    29083    12625    
256    73625    26250    
512    140209    55542    
1024    272417    118459    
2048    566916    259334    
4096    1.20867e+06    533334    
8192    2.52571e+06    1.12733e+06    
16384    5.31396e+06    2.71904e+06    
32768    1.11396e+07    5.87971e+06    
65536    2.33246e+07    1.26103e+07    
131072    4.97843e+07    2.60413e+07    
262144    1.02887e+08    5.78579e+07    
524288    2.15655e+08    1.22742e+08    
