32    7208    2959    
64    14000    6125    
128    30416    13417    
256    63375    26250    
512    125417    56042    
1024    275125    119583    
2048    587125    252125    
4096    1.24012e+06    533375    
8192    2.55846e+06    1.20288e+06    
16384    5.58562e+06    2.49629e+06    
32768    1.14849e+07    6.17617e+06    
65536    2.44503e+07    1.08951e+07    
131072    5.11069e+07    2.63325e+07    
262144    1.04373e+08    4.65446e+07    
524288    2.18313e+08    1.24532e+08    
