32    7541    2834    
64    13708    6042    
128    28500    12333    
256    59250    26042    
512    126625    55584    
1024    276417    121416    
2048    580125    251708    
4096    1.20767e+06    533625    
8192    2.53446e+06    1.12779e+06    
16384    5.31329e+06    2.729e+06    
32768    1.11486e+07    5.90917e+06    
65536    2.3856e+07    1.33589e+07    
131072    4.9484e+07    2.65125e+07    
262144    1.07761e+08    5.64166e+07    
524288    2.27582e+08    1.37541e+08    
1.04858e+06    4.5598e+08    2.52897e+08    
2.09715e+06    9.50019e+08    5.91587e+08    
4.1943e+06    1.9685e+09    1.23191e+09    
8.38861e+06    4.06164e+09    2.10095e+09    
