10    0.5787    0.431419    0.585216    0.427759    
11    0.585454    0.435504    0.618401    0.415679    
12    0.5885    0.439681    0.648893    0.401847    
13    0.601846    0.439915    0.675794    0.387242    
14    0.607286    0.441936    0.703589    0.369492    
15    0.605734    0.445687    0.724209    0.354342    
16    0.6075    0.447969    0.743033    0.338825    
17    0.597647    0.453337    0.754685    0.32831    
18    0.605388    0.453284    0.773505    0.309647    
19    0.609158    0.454125    0.790531    0.290685    
20    1.3356    0.623684    1.3463    0.615859    
21    1.33271    0.639617    1.38038    0.605633    
22    1.34364    0.64412    1.41355    0.589306    
23    1.34491    0.653182    1.43775    0.5749    
24    1.36033    0.656077    1.47808    0.551105    
25    1.37816    0.649558    1.51124    0.526971    
26    1.37539    0.658179    1.53185    0.513781    
27    1.37407    0.665289    1.55336    0.495779    
28    1.38171    0.664671    1.56859    0.484121    
29    1.38538    0.663825    1.59009    0.465008    
30    2.1267    0.786661    2.14507    0.774104    
31    2.12619    0.801519    2.17376    0.760426    
32    2.13059    0.808848    2.21229    0.738278    
33    2.14    0.803641    2.24545    0.716752    
34    2.14173    0.809361    2.27592    0.702318    
35    2.13669    0.806548    2.30817    0.674257    
36    2.14225    0.815897    2.33684    0.658685    
37    2.14843    0.816    2.35565    0.643304    
38    2.15895    0.807398    2.387    0.615082    
39    2.17385    0.809863    2.41296    0.588171    
40    2.9214    0.90918    2.95276    0.881959    
41    2.92209    0.920486    2.98592    0.868188    
42    2.93414    0.937214    3.02625    0.851033    
43    2.94223    0.937979    3.0612    0.841641    
44    2.94454    0.934612    3.09165    0.816768    
45    2.9438    0.951547    3.11942    0.797973    
46    2.95004    0.93679    3.15435    0.767215    
47    2.96243    0.940345    3.18569    0.742454    
48    2.95808    0.948447    3.21434    0.713493    
49    2.97091    0.937823    3.23583    0.694843    
50    3.7341    1.03093    3.77749    0.996003    
51    3.73502    1.04349    3.80973    0.970384    
52    3.74915    1.03821    3.84377    0.949296    
53    3.74581    1.03611    3.87601    0.920081    
54    3.75486    1.02911    3.92526    0.880975    
55    3.76909    1.01881    3.95928    0.850249    
56    3.774    1.02735    3.98614    0.82633    
57    3.77958    1.03367    4.01838    0.803908    
58    3.78311    1.02885    4.04523    0.781677    
59    3.79006    1.03484    4.07298    0.749257    
60    4.5549    1.10842    4.61114    1.05681    
61    4.55869    1.13135    4.64877    1.04077    
62    4.57032    1.13677    4.6837    1.01774    
63    4.58262    1.13379    4.72399    0.987544    
64    4.59741    1.13887    4.76071    0.966638    
65    4.60563    1.13809    4.79385    0.950981    
66    4.61364    1.15027    4.8234    0.936897    
67    4.61324    1.1459    4.84577    0.916674    
68    4.619    1.15014    4.87621    0.895024    
69    4.62639    1.15496    4.90665    0.878221    
70    5.3856    1.24502    5.45475    1.18543    
71    5.3796    1.26034    5.48518    1.15976    
72    5.39862    1.25598    5.52369    1.13981    
73    5.40387    1.27234    5.56667    1.11277    
74    5.41885    1.26716    5.59978    1.08207    
75    5.43456    1.2706    5.63828    1.0648    
76    5.43375    1.27129    5.66335    1.04688    
77    5.44728    1.27204    5.69735    1.01672    
78    5.45607    1.27629    5.73048    1.00368    
79    5.46016    1.27493    5.75822    0.982467    
80    6.2226    1.33151    6.30813    1.26634    
81    6.22303    1.33984    6.34393    1.2353    
82    6.24217    1.33619    6.3851    1.20602    
83    6.23766    1.34143    6.41464    1.18516    
84    6.24467    1.34582    6.44596    1.16287    
85    6.25965    1.3516    6.48356    1.14123    
86    6.26812    1.35845    6.52027    1.12498    
87    6.27459    1.36272    6.54802    1.11022    
88    6.28363    1.36621    6.5677    1.09641    
89    6.29524    1.35369    6.59989    1.05879    
90    7.0389    1.43309    7.14269    1.35126    
91    7.0556    1.42122    7.19908    1.31177    
92    7.07305    1.42786    7.24294    1.28632    
93    7.10026    1.41381    7.28679    1.25622    
94    7.11197    1.41111    7.32617    1.22864    
95    7.11627    1.41352    7.35659    1.20462    
96    7.12766    1.41654    7.39237    1.17753    
97    7.13889    1.42184    7.42727    1.15273    
98    7.1427    1.4137    7.45411    1.13163    
99    7.15    1.41573    7.48093    1.10145    
100    7.9155    1.48095    8.02287    1.40067    
101    7.9197    1.48174    8.06582    1.37071    
102    7.92643    1.49022    8.10429    1.3391    
103    7.96007    1.47504    8.14187    1.3114    
104    7.96469    1.47227    8.17676    1.28323    
105    7.96552    1.4873    8.20987    1.26637    
106    7.98611    1.48251    8.24924    1.23876    
107    7.9948    1.49537    8.28413    1.21891    
108    7.99336    1.50402    8.31185    1.18987    
109    8.00356    1.49611    8.34135    1.15831    
110    8.75971    1.54859    8.87799    1.45635    
111    8.76216    1.5536    8.91557    1.43415    
112    8.76175    1.57086    8.9469    1.41874    
113    8.78915    1.55896    8.98985    1.39631    
114    8.79114    1.56443    9.02026    1.37042    
115    8.80563    1.56398    9.0614    1.33779    
116    8.82    1.5619    9.0945    1.31822    
117    8.82518    1.56997    9.12223    1.29822    
118    8.84382    1.56192    9.15528    1.25436    
119    8.84965    1.56722    9.19104    1.21964    
120    9.603    1.61356    9.7295    1.51029    
121    9.61903    1.61133    9.77782    1.48097    
122    9.62681    1.6169    9.81181    1.45685    
123    9.64166    1.62323    9.84759    1.43205    
124    9.65639    1.6139    9.88693    1.40004    
125    9.66286    1.61243    9.92    1.36616    
126    9.66557    1.63203    9.95491    1.35502    
127    9.66996    1.62265    9.98082    1.32433    
128    9.6715    1.63318    10.0103    1.29389    
129    9.67925    1.636    10.0371    1.26088    
130    10.4436    1.68005    10.5819    1.56923    
131    10.4453    1.68669    10.6195    1.53838    
132    10.4432    1.69391    10.6508    1.51743    
133    10.4544    1.70333    10.6821    1.5003    
134    10.4719    1.7033    10.7179    1.47833    
135    10.4866    1.70864    10.7554    1.44798    
136    10.5047    1.71657    10.793    1.42684    
137    10.5029    1.70985    10.8216    1.39325    
138    10.5172    1.70887    10.8466    1.36736    
139    10.5205    1.71425    10.8779    1.34671    
140    11.2779    1.76751    11.4272    1.6478    
141    11.2769    1.78001    11.4674    1.62065    
142    11.282    1.77502    11.4987    1.59054    
143    11.288    1.78052    11.5345    1.56822    
144    11.31    1.76886    11.5702    1.54098    
145    11.3175    1.78489    11.6033    1.52375    
146    11.3267    1.78665    11.6435    1.48576    
147    11.3168    1.78993    11.6766    1.46077    
148    11.3302    1.7875    11.7097    1.43101    
149    11.3473    1.79097    11.7409    1.40291    
150    12.1131    1.84764    12.2867    1.69556    
151    12.1094    1.86445    12.3278    1.6685    
152    12.1245    1.85766    12.3609    1.64066    
153    12.1323    1.86945    12.402    1.61718    
154    12.1571    1.86279    12.4396    1.59503    
155    12.1673    1.86455    12.4771    1.56245    
156    12.1775    1.86629    12.5155    1.52952    
157    12.1912    1.85442    12.5602    1.49507    
158    12.1948    1.85561    12.5924    1.46338    
159    12.2201    1.84455    12.6263    1.4374    
160    12.9771    1.92103    13.1632    1.74132    
161    12.9752    1.91726    13.2025    1.70671    
162    12.9751    1.91348    13.2329    1.68902    
163    12.9802    1.93321    13.2606    1.6709    
164    12.9933    1.92118    13.2981    1.63574    
165    13.0226    1.90799    13.3491    1.59634    
166    13.0265    1.91375    13.3803    1.57231    
167    13.0366    1.90948    13.4206    1.54359    
168    13.0385    1.90785    13.4554    1.52081    
169    13.062    1.8941    13.492    1.48919    
170    13.8168    1.96581    14.0156    1.78899    
171    13.8204    1.97988    14.0567    1.77031    
172    13.8211    1.97687    14.0978    1.74198    
173    13.8362    1.99006    14.1416    1.71839    
174    13.853    1.9812    14.18    1.68521    
175    13.8688    1.97754    14.2149    1.6615    
176    13.8736    1.99946    14.2489    1.64753    
177    13.8694    2.01123    14.2846    1.62438    
178    13.8704    2.00743    14.3168    1.60204    
179    13.8723    2.02278    14.3471    1.57574    
180    14.6592    2.07359    14.8796    1.86576    
181    14.6655    2.07774    14.9189    1.8341    
182    14.6591    2.08142    14.9618    1.80652    
183    14.667    2.09505    14.9993    1.78678    
184    14.691    2.0935    15.0467    1.75076    
185    14.7141    2.06544    15.0824    1.71387    
186    14.7081    2.07006    15.1101    1.68988    
187    14.7039    2.0885    15.1494    1.66678    
188    14.715    2.08956    15.1878    1.63188    
189    14.716    2.09939    15.2253    1.60054    
190    15.498    2.12849    15.7543    1.89698    
191    15.5142    2.12026    15.8043    1.86453    
192    15.5114    2.13423    15.8472    1.83554    
193    15.5221    2.12994    15.8946    1.80671    
194    15.5281    2.13882    15.9312    1.78391    
195    15.5593    2.11928    15.9749    1.74643    
196    15.5769    2.12681    16.017    1.72654    
197    15.5718    2.14789    16.0446    1.6991    
198    15.5766    2.16835    16.075    1.68309    
199    15.5723    2.17671    16.1027    1.66312    
200    16.3575    2.19392    16.6326    1.9333    
201    16.3621    2.19231    16.6656    1.9057    
202    16.3755    2.19003    16.7183    1.86505    
203    16.3789    2.18751    16.7683    1.8203    
204    16.394    2.19474    16.8094    1.79951    
205    16.4217    2.18122    16.8487    1.7736    
206    16.4375    2.17239    16.8817    1.75179    
207    16.4461    2.1754    16.9246    1.71749    
208    16.4545    2.18963    16.9621    1.69376    
209    16.4656    2.19593    16.9987    1.67193    
210    17.2386    2.21523    17.5269    1.95721    
211    17.2513    2.21361    17.5724    1.92721    
212    17.2531    2.22327    17.6171    1.89112    
213    17.2493    2.22916    17.6573    1.8679    
214    17.2735    2.23287    17.6984    1.83852    
215    17.2967    2.22502    17.7412    1.80481    
216    17.3225    2.21589    17.777    1.7841    
217    17.3329    2.2264    17.8198    1.75976    
218    17.3242    2.25954    17.8502    1.74373    
219    17.3354    2.26605    17.8895    1.71212    
220    18.1179    2.28399    18.4248    1.99471    
221    18.1252    2.28168    18.465    1.96286    
222    18.1216    2.29903    18.4998    1.93525    
223    18.1143    2.30013    18.5374    1.91466    
224    18.1295    2.31388    18.5713    1.88407    
225    18.1491    2.31383    18.6106    1.85689    
226    18.1795    2.29261    18.6507    1.82804    
227    18.1908    2.28802    18.6873    1.78962    
228    18.1741    2.32122    18.7159    1.76866    
229    18.1808    2.31498    18.7551    1.72242    
230    18.963    2.32921    19.2869    2.00594    
231    18.973    2.32804    19.3262    1.97509    
232    18.9929    2.33162    19.3771    1.94155    
233    18.9937    2.33035    19.4146    1.91895    
234    19.0026    2.34536    19.453    1.89428    
235    19.015    2.32857    19.4985    1.85119    
236    19.0382    2.307    19.5333    1.81331    
237    19.0559    2.30911    19.569    1.79398    
238    19.0483    2.33153    19.6011    1.76395    
239    19.0469    2.33586    19.6305    1.73145    
240    19.8234    2.3638    20.1669    2.02503    
241    19.8316    2.36748    20.2035    1.9945    
242    19.829    2.37873    20.2418    1.9619    
243    19.8209    2.38068    20.2722    1.941    
244    19.8325    2.39725    20.3133    1.91701    
245    19.8422    2.39203    20.3579    1.88149    
246    19.8771    2.37708    20.4052    1.84746    
247    19.9066    2.36802    20.4435    1.81244    
248    19.9008    2.37237    20.4738    1.77178    
249    19.9057    2.39367    20.5077    1.74771    
250    20.6901    2.41731    21.0325    2.04351    
251    20.6939    2.41567    21.078    2.00828    
252    20.702    2.43063    21.1227    1.98291    
253    20.6984    2.42521    21.1593    1.95457    
254    20.6921    2.4339    21.1976    1.92148    
255    20.6964    2.43368    21.2315    1.89623    
256    20.7097    2.43865    21.2601    1.88479    
257    20.7383    2.42486    21.3002    1.85263    
258    20.7433    2.43491    21.3359    1.82637    
259    20.7339    2.462    21.3689    1.80122    
260    21.5262    2.47669    21.8946    2.09387    
261    21.5362    2.48317    21.9464    2.05614    
262    21.5336    2.50258    21.9848    2.02864    
263    21.5418    2.50571    22.0214    2.00531    
264    21.539    2.52169    22.0651    1.97217    
265    21.5506    2.51782    22.1007    1.9358    
266    21.5675    2.50374    22.1427    1.90663    
267    21.5979    2.49203    22.1765    1.86896    
268    21.6229    2.48225    22.2292    1.83029    
269    21.6261    2.49821    22.2613    1.80499    
270    22.4082    2.51379    22.8022    2.10014    
271    22.4147    2.52583    22.8442    2.07861    
272    22.4202    2.53986    22.8897    2.0377    
273    22.4193    2.54352    22.9209    2.01833    
274    22.4121    2.56609    22.9557    1.98842    
275    22.4282    2.56871    22.9941    1.95978    
276    22.4506    2.56253    23.0467    1.92718    
277    22.4802    2.54626    23.0824    1.89982    
278    22.5024    2.53819    23.1243    1.87235    
279    22.5093    2.53558    23.1662    1.83454    
280    23.2848    2.55347    23.7099    2.12695    
281    23.2832    2.55937    23.7501    2.09698    
282    23.2806    2.59177    23.7894    2.07434    
283    23.287    2.58965    23.8277    2.04112    
284    23.2852    2.60102    23.8679    2.0177    
285    23.3094    2.60051    23.9115    1.97644    
286    23.3156    2.60433    23.9419    1.95593    
287    23.3335    2.60203    23.9713    1.9391    
288    23.3711    2.59425    24.0088    1.91543    
289    23.3681    2.59646    24.0444    1.887    
290    24.1272    2.62449    24.5837    2.17239    
291    24.1346    2.63124    24.6247    2.14954    
292    24.1285    2.65987    24.6667    2.121    
293    24.1411    2.66692    24.7042    2.10162    
294    24.1366    2.66953    24.7362    2.07424    
295    24.1618    2.67656    24.788    2.0375    
296    24.1545    2.67394    24.8165    2.00649    
297    24.1769    2.66782    24.845    1.984    
298    24.2001    2.6615    24.8798    1.96262    
299    24.2124    2.66177    24.9243    1.92458    
300    24.9804    2.6682    25.4717    2.20455    
301    24.9815    2.68109    25.5109    2.18579    
302    24.9807    2.71537    25.5538    2.15831    
303    25.0007    2.70259    25.593    2.11971    
304    25.0106    2.7038    25.6313    2.08913    
305    25.0151    2.72253    25.6732    2.04969    
306    25.0285    2.71774    25.7177    2.00514    
307    25.0563    2.71798    25.7525    1.98742    
308    25.075    2.71171    25.7837    1.96385    
309    25.0838    2.71296    25.8131    1.94449    
310    25.8453    2.73282    26.3498    2.23975    
311    25.8554    2.73848    26.3962    2.20405    
312    25.8421    2.76398    26.4327    2.17227    
313    25.871    2.74712    26.4808    2.13674    
314    25.8783    2.73308    26.529    2.09678    
315    25.8756    2.78173    26.5664    2.07509    
316    25.8953    2.77816    26.6039    2.04516    
317    25.8988    2.78358    26.635    2.02059    
318    25.932    2.75748    26.6805    1.98195    
319    25.9588    2.7469    26.717    1.95428    
320    26.7336    2.75078    27.2599    2.2447    
321    26.7366    2.7601    27.3001    2.21534    
322    26.7394    2.78662    27.3465    2.18975    
323    26.7504    2.77928    27.391    2.15067    
324    26.7532    2.76713    27.4275    2.11621    
325    26.7504    2.79797    27.4694    2.08017    
326    26.7774    2.80105    27.5122    2.05298    
327    26.7864    2.79529    27.5479    2.03036    
328    26.8205    2.78898    27.5907    2.0016    
329    26.8347    2.7816    27.621    1.98194    
330    27.6228    2.79591    28.1693    2.25883    
331    27.6222    2.80151    28.2085    2.22548    
332    27.6224    2.81018    28.2504    2.1965    
333    27.6297    2.82649    28.2869    2.17261    
334    27.6334    2.8366    28.3244    2.14748    
335    27.6235    2.87264    28.3645    2.12109    
336    27.6515    2.87464    28.4001    2.09461    
337    27.6622    2.86441    28.4366    2.06252    
338    27.6846    2.8489    28.474    2.01642    
339    27.7043    2.83655    28.5025    1.99578    
340    28.4814    2.85212    29.0455    2.27379    
341    28.4799    2.86517    29.0829    2.25457    
342    28.4774    2.86628    29.1177    2.21916    
343    28.5019    2.86828    29.1658    2.18632    
344    28.5146    2.87865    29.2014    2.16322    
345    28.5056    2.9087    29.2424    2.13599    
346    28.5236    2.90758    29.2834    2.09637    
347    28.5236    2.89651    29.3154    2.06184    
348    28.5442    2.89356    29.3502    2.03647    
349    28.5612    2.89128    29.3742    2.01306    
350    29.3328    2.90045    29.9101    2.30139    
351    29.3295    2.90701    29.9439    2.27223    
352    29.3279    2.90788    29.9849    2.24463    
353    29.3344    2.9311    30.0206    2.21995    
354    29.3336    2.94326    30.0509    2.20001    
355    29.3282    2.95374    30.091    2.17585    
356    29.3481    2.96111    30.1346    2.14287    
357    29.3651    2.96216    30.1836    2.1104    
358    29.3768    2.94619    30.221    2.07317    
359    29.3982    2.93629    30.2512    2.03283    
360    30.1842    2.9513    30.7863    2.32246    
361    30.1818    2.96137    30.8202    2.30293    
362    30.1919    2.95514    30.8656    2.26648    
363    30.1939    2.98235    30.9101    2.23921    
364    30.1976    2.99578    30.9413    2.21997    
365    30.1832    3.00697    30.9805    2.18525    
366    30.1932    3.02514    31.0143    2.16246    
367    30.1941    3.0429    31.0446    2.14285    
368    30.2075    3.03552    31.0811    2.11529    
369    30.2344    3.04074    31.1186    2.09619    
370    31.023    3.03988    31.6563    2.38365    
371    31.0305    3.04344    31.6964    2.35466    
372    31.0496    3.03882    31.7472    2.32234    
373    31.0408    3.06325    31.7846    2.29018    
374    31.0518    3.06735    31.8193    2.26329    
375    31.0545    3.06074    31.8691    2.21669    
376    31.0618    3.08992    31.9092    2.1864    
377    31.0798    3.08618    31.9465    2.14826    
378    31.0851    3.0669    31.9866    2.10884    
379    31.1193    3.05414    32.031    2.068    
380    31.914    3.04964    32.5689    2.36623    
381    31.9197    3.04543    32.617    2.32823    
382    31.9407    3.04804    32.6571    2.30385    
383    31.9418    3.07694    32.6981    2.27555    
384    31.9347    3.08498    32.7248    2.25119    
385    31.9348    3.08701    32.7648    2.21354    
386    31.9204    3.11671    32.8031    2.18823    
387    31.9475    3.10731    32.8565    2.15036    
388    31.9564    3.09188    32.8948    2.12053    
389    31.9834    3.08913    32.9331    2.09117    
390    32.7942    3.07556    33.4843    2.37332    
391    32.7909    3.0738    33.5253    2.34459    
392    32.8128    3.07255    33.568    2.31278    
393    32.8013    3.11262    33.6027    2.28565    
394    32.8015    3.11456    33.641    2.25144    
395    32.8106    3.11333    33.6838    2.23115    
396    32.8125    3.14493    33.7291    2.18874    
397    32.8278    3.15114    33.7603    2.16778    
398    32.8242    3.14905    33.7888    2.14982    
399    32.8421    3.14888    33.8226    2.12428    
400    33.6285    3.1239    34.3668    2.41647    
401    33.6288    3.1218    34.4068    2.37501    
402    33.6453    3.11775    34.4505    2.35261    
403    33.6383    3.15907    34.4897    2.32283    
404    33.6465    3.16451    34.5271    2.30268    
405    33.6521    3.16649    34.5609    2.27188    
406    33.6449    3.20969    34.6053    2.23297    
407    33.6657    3.19714    34.6373    2.20113    
408    33.6621    3.21289    34.6649    2.18493    
409    33.6846    3.20449    34.697    2.15963    
410    34.488    3.17025    35.2554    2.43929    
411    34.491    3.17333    35.3008    2.40205    
412    34.5084    3.16821    35.3382    2.3836    
413    34.5023    3.21203    35.3765    2.35436    
414    34.5133    3.19574    35.4147    2.31289    
415    34.5225    3.19608    35.4538    2.28508    
416    34.5144    3.23817    35.4921    2.25738    
417    34.5334    3.22524    35.5374    2.20554    
418    34.5334    3.25045    35.5739    2.18645    
419    34.5514    3.24153    35.6077    2.15178    
420    35.3502    3.20802    36.1457    2.44839    
421    35.3541    3.22442    36.1894    2.41872    
422    35.3877    3.20274    36.2383    2.37731    
423    35.37    3.24025    36.2738    2.34708    
424    35.3963    3.22204    36.3255    2.31012    
425    35.4108    3.22117    36.3699    2.26846    
426    35.4055    3.25954    36.4126    2.24513    
427    35.4128    3.2635    36.45    2.21289    
428    35.4173    3.28742    36.4784    2.1902    
429    35.429    3.27029    36.5202    2.15418    
430    36.2493    3.22033    37.0699    2.43639    
431    36.2559    3.23631    37.1135    2.40716    
432    36.2761    3.22122    37.1553    2.37797    
433    36.2646    3.27746    37.1945    2.35461    
434    36.2756    3.26351    37.2371    2.31239    
435    36.2848    3.26882    37.2736    2.28484    
436    36.2813    3.29086    37.3136    2.25085    
437    36.294    3.31755    37.3545    2.22495    
438    36.313    3.32979    37.3874    2.20048    
439    36.3228    3.32063    37.4301    2.16906    
440    37.1439    3.27962    37.9862    2.46002    
441    37.1487    3.28188    38.0333    2.41698    
442    37.168    3.26622    38.0697    2.38423    
443    37.1466    3.31658    38.1071    2.35499    
444    37.1712    3.30594    38.1498    2.32478    
445    37.1749    3.31572    38.188    2.29264    
446    37.1751    3.3306    38.2262    2.26281    
447    37.1806    3.36204    38.2582    2.23542    
448    37.1995    3.36257    38.2973    2.20217    
449    37.2068    3.35721    38.3319    2.16034    
450    38.0196    3.30804    38.8826    2.44535    
451    38.0209    3.31782    38.9262    2.41086    
452    38.0482    3.31254    38.9626    2.38451    
453    38.0277    3.34999    39.0008    2.34286    
454    38.0658    3.32169    39.0434    2.30184    
455    38.0705    3.33489    39.0826    2.2779    
456    38.0698    3.34887    39.1217    2.24352    
457    38.0726    3.38449    39.1634    2.2068    
458    38.0916    3.38793    39.1972    2.17598    
459    38.0961    3.38938    39.2309    2.1405    
460    38.916    3.35089    39.779    2.43651    
461    38.9101    3.35663    39.8172    2.39952    
462    38.9248    3.35009    39.8519    2.36503    
463    38.9142    3.38244    39.8919    2.33163    
464    38.9362    3.37604    39.9265    2.30607    
465    38.9327    3.39076    39.9559    2.28432    
466    38.9338    3.3993    39.9923    2.26043    
467    38.9222    3.44144    40.0367    2.22359    
468    38.9646    3.41931    40.0776    2.19255    
469    38.9593    3.43987    40.1096    2.16623    
470    39.78    3.38527    40.6756    2.44946    
471    39.7723    3.39494    40.7164    2.41474    
472    39.7942    3.39129    40.7502    2.3895    
473    39.7819    3.42623    40.7893    2.35942    
474    39.802    3.42344    40.8293    2.33286    
475    39.7968    3.44265    40.8587    2.31439    
476    39.7951    3.4439    40.8915    2.28433    
477    39.7827    3.49053    40.9244    2.25851    
478    39.7998    3.49745    40.9537    2.23807    
479    39.8026    3.51183    40.9812    2.21109    
480    40.6107    3.47181    41.5437    2.514    
481    40.5994    3.48498    41.5846    2.48853    
482    40.6267    3.47126    41.6219    2.45564    
483    40.6189    3.50802    41.6654    2.41527    
484    40.6435    3.49854    41.7036    2.38341    
485    40.6446    3.50943    41.7364    2.35566    
486    40.6637    3.48214    41.7852    2.30457    
487    40.6494    3.52835    41.8225    2.27445    
488    40.6657    3.52457    41.8597    2.23403    
489    40.682    3.52955    41.8952    2.19365    
490    41.5116    3.46862    42.4692    2.47801    
491    41.5066    3.48965    42.5075    2.45614    
492    41.5348    3.47412    42.5581    2.41604    
493    41.5316    3.50693    42.5936    2.39011    
494    41.5453    3.51071    42.6282    2.35322    
495    41.5311    3.53404    42.6504    2.32934    
496    41.5412    3.51185    42.6894    2.28171    
497    41.527    3.54538    42.7275    2.24969    
498    41.5397    3.55481    42.7675    2.2128    
499    41.5578    3.56066    42.8074    2.18103    
500    42.3729    3.50141    43.3646    2.4708    
501    42.3715    3.50401    43.4098    2.4324    
502    42.3998    3.49268    43.4543    2.40336    
503    42.3992    3.51856    43.4933    2.36726    
504    42.4094    3.54243    43.5226    2.33944    
505    42.4078    3.55211    43.5634    2.3076    
506    42.4143    3.56331    43.599    2.28529    
507    42.4154    3.57823    43.638    2.23881    
508    42.4218    3.60631    43.6708    2.21175    
509    42.4399    3.6144    43.6966    2.19881    
510    43.2486    3.5605    44.2654    2.49532    
511    43.2373    3.56433    44.3019    2.46667    
512    43.2503    3.56325    44.3373    2.43198    
513    43.2515    3.58577    44.3782    2.405    
514    43.2635    3.60426    44.4181    2.372    
515    43.2655    3.60958    44.4536    2.3453    
516    43.2738    3.62708    44.482    2.31773    
517    43.2731    3.63025    44.521    2.279    
518    43.2561    3.6612    44.5485    2.24639    
519    43.2769    3.67057    44.576    2.23074    
520    44.082    3.61076    45.135    2.52265    
521    44.0869    3.60374    45.1838    2.4746    
522    44.1034    3.60657    45.2246    2.44187    
523    44.101    3.63428    45.2575    2.42492    
524    44.1086    3.64819    45.2966    2.39092    
525    44.117    3.6495    45.3302    2.35154    
526    44.1316    3.65298    45.3719    2.3127    
527    44.1255    3.67812    45.4083    2.29309    
528    44.1292    3.70834    45.4535    2.24408    
529    44.1572    3.69665    45.4907    2.21826    
530    44.9613    3.63844    46.0498    2.5009    
531    44.9518    3.6473    46.0862    2.47683    
532    44.9738    3.6469    46.1306    2.44674    
533    44.984    3.63909    46.1776    2.40066    
534    44.9825    3.67191    46.2122    2.36317    
535    45.0062    3.66222    46.2609    2.32357    
536    45.019    3.66367    46.3071    2.28712    
537    45.0192    3.686    46.347    2.25532    
538    45.0103    3.73188    46.3824    2.22143    
539    45.0303    3.73302    46.4081    2.19853    
540    45.8541    3.6446    46.977    2.46755    
541    45.8635    3.648    47.0205    2.43821    
542    45.8765    3.65967    47.0622    2.40783    
543    45.8904    3.6448    47.103    2.3735    
544    45.878    3.69833    47.1394    2.3466    
545    45.8999    3.68496    47.1828    2.30201    
546    45.9011    3.69584    47.2201    2.27643    
547    45.913    3.7042    47.2556    2.24487    
548    45.9113    3.7482    47.2954    2.20785    
549    45.9295    3.75343    47.3238    2.18351    
550    46.7622    3.67338    47.9062    2.46731    
551    46.7626    3.67357    47.9435    2.43133    
552    46.7757    3.67149    47.9886    2.38395    
553    46.7931    3.65869    48.0258    2.34238    
554    46.779    3.7155    48.0658    2.31428    
555    46.7964    3.7064    48.1039    2.28115    
556    46.8047    3.71357    48.1429    2.24952    
557    46.8149    3.71114    48.1846    2.21722    
558    46.8123    3.76251    48.2165    2.18781    
559    46.8278    3.76844    48.2537    2.15594    
560    47.6568    3.70257    48.8245    2.43274    
561    47.6599    3.6963    48.8591    2.40433    
562    47.6684    3.71028    48.8963    2.36459    
563    47.6814    3.69549    48.9335    2.33358    
564    47.6719    3.73713    48.9742    2.28736    
565    47.701    3.71657    49.0185    2.24987    
566    47.7093    3.72044    49.054    2.22052    
567    47.7203    3.70959    49.0938    2.17859    
568    47.7134    3.76556    49.1319    2.14655    
569    47.718    3.78807    49.1665    2.11856    
570    48.5469    3.72656    49.7383    2.40532    
571    48.5456    3.72014    49.7657    2.37549    
572    48.5522    3.72897    49.8003    2.34109    
573    48.559    3.72889    49.8358    2.31644    
574    48.5476    3.76847    49.8765    2.28293    
575    48.5677    3.75823    49.9155    2.25216    
576    48.5653    3.77733    49.9448    2.22872    
577    48.5691    3.77189    49.9803    2.20737    
578    48.563    3.81579    50.0192    2.16932    
579    48.5821    3.82606    50.0555    2.1301    
580    49.4055    3.75759    50.6318    2.42079    
581    49.4041    3.73399    50.6671    2.37184    
582    49.4072    3.74807    50.7096    2.33268    
583    49.4229    3.74277    50.7424    2.30706    
584    49.408    3.79561    50.7814    2.27543    
585    49.438    3.77865    50.8169    2.2461    
586    49.4292    3.81134    50.8452    2.22661    
587    49.4358    3.81079    50.8789    2.19486    
588    49.4341    3.82921    50.9107    2.16371    
589    49.4262    3.86825    50.9364    2.13726    
590    50.2452    3.80353    51.5083    2.43539    
591    50.2519    3.7989    51.5482    2.40729    
592    50.256    3.81792    51.581    2.38371    
593    50.2734    3.79883    51.6173    2.35034    
594    50.2602    3.85531    51.658    2.30661    
595    50.2912    3.83055    51.6987    2.27536    
596    50.2835    3.84249    51.7332    2.24246    
597    50.316    3.81978    51.781    2.19672    
598    50.3108    3.84577    51.8191    2.16561    
599    50.3128    3.88488    51.8571    2.12689    
600    51.1461    3.80453    52.4343    2.40485    
601    51.1627    3.78885    52.4822    2.36826    
602    51.1758    3.80593    52.5194    2.34796    
603    51.1978    3.80067    52.5637    2.31306    
604    51.1756    3.86067    52.5982    2.28005    
605    51.2038    3.83966    52.6417    2.24858    
606    51.1997    3.85662    52.6646    2.22061    
607    51.2117    3.8607    52.7    2.18299    
608    51.1993    3.88629    52.7363    2.15623    
609    51.1805    3.92551    52.7743    2.122    
610    52.0236    3.83275    53.3489    2.40029    
611    52.0349    3.8388    53.3941    2.37905    
612    52.0515    3.84046    53.4376    2.34573    
613    52.0753    3.82651    53.4774    2.31292    
614    52.0496    3.89556    53.5181    2.27691    
615    52.0697    3.89073    53.5509    2.25117    
616    52.0736    3.90014    53.5854    2.22074    
617    52.0784    3.9186    53.6173    2.19931    
618    52.0894    3.92395    53.6517    2.15969    
619    52.0798    3.97366    53.68    2.13775    
620    52.8993    3.90834    54.2512    2.43156    
621    52.9088    3.90239    54.2963    2.39557    
622    52.9137    3.91126    54.329    2.3603    
623    52.9214    3.90023    54.3662    2.32268    
624    52.8974    3.96519    54.4015    2.29095    
625    52.9238    3.95735    54.4405    2.26235    
626    52.9322    3.96753    54.4723    2.23376    
627    52.9261    3.98379    54.4961    2.20339    
628    52.9318    3.96976    54.535    2.16319    
629    52.9257    4.02028    54.5623    2.13075    
630    53.7481    3.97053    55.1363    2.43288    
631    53.7439    3.96349    55.1708    2.40354    
632    53.767    3.9615    55.2203    2.35597    
633    53.7809    3.94307    55.2574    2.32201    
634    53.7533    4.01099    55.2911    2.30472    
635    53.7788    4.00693    55.3273    2.27495    
636    53.7854    4.01322    55.3618    2.23813    
637    53.7947    4.00905    55.3988    2.19472    
638    53.8003    4.01557    55.4334    2.17627    
639    53.8033    4.05623    55.4757    2.12486    
640    54.639    4.00432    56.0719    2.41995    
641    54.6403    3.99422    56.1117    2.38723    
642    54.6363    4.01131    56.1427    2.36463    
643    54.6637    3.98604    56.1789    2.32789    
644    54.6505    4.03285    56.2222    2.27888    
645    54.6653    4.02164    56.253    2.2413    
646    54.6792    4.01606    56.2919    2.20497    
647    54.6975    4.01047    56.3343    2.1668    
648    54.7031    4.01698    56.3652    2.1322    
649    54.6844    4.05828    56.3952    2.10087    
650    55.5138    4.01231    56.9835    2.39609    
651    55.5278    3.98949    57.0293    2.33781    
652    55.5318    4.01128    57.0682    2.3065    
653    55.5565    3.98512    57.1026    2.26961    
654    55.5461    4.0205    57.1424    2.23066    
655    55.5492    4.03473    57.1768    2.19841    
656    55.563    4.02535    57.2174    2.1566    
657    55.5678    4.03487    57.2466    2.13104    
658    55.5825    4.04318    57.2784    2.10468    
659    55.5738    4.08853    57.3181    2.06975    
660    56.4174    4.03533    57.9128    2.36425    
661    56.4332    4.0305    57.957    2.327    
662    56.4255    4.05136    57.9932    2.29301    
663    56.452    4.01632    58.0356    2.25085    
664    56.4345    4.04447    58.0682    2.21725    
665    56.4357    4.07323    58.1009    2.18374    
666    56.455    4.05977    58.1362    2.14851    
667    56.4688    4.07645    58.1698    2.12034    
668    56.4817    4.07978    58.2078    2.09398    
669    56.4819    4.09946    58.2369    2.07079    
670    57.3174    4.07293    58.8361    2.36073    
671    57.3305    4.06588    58.8758    2.32123    
672    57.3301    4.0807    58.9111    2.28792    
673    57.3601    4.05495    58.9508    2.24746    
674    57.3408    4.07458    58.9843    2.20995    
675    57.3412    4.09348    59.0187    2.16718    
676    57.3703    4.0707    59.061    2.12524    
677    57.3751    4.08271    59.091    2.09447    
678    57.3952    4.08512    59.1244    2.05194    
679    57.3847    4.11828    59.1606    2.01861    
680    58.2111    4.0861    59.7642    2.3093    
681    58.217    4.08511    59.7968    2.27438    
682    58.212    4.09939    59.8268    2.24095    
683    58.2351    4.07236    59.8594    2.20238    
684    58.2165    4.10734    59.8912    2.17986    
685    58.2151    4.12332    59.9283    2.14093    
686    58.2379    4.11331    59.96    2.11145    
687    58.2257    4.13156    59.9874    2.08516    
688    58.252    4.13172    60.0174    2.06107    
689    58.247    4.15047    60.0544    2.01801    
690    59.0698    4.11599    60.6651    2.30609    
691    59.0774    4.11434    60.7031    2.27018    
692    59.0806    4.09857    60.7391    2.21987    
693    59.0945    4.09633    60.777    2.18288    
694    59.0823    4.12086    60.8043    2.15389    
695    59.0763    4.14148    60.8405    2.11597    
696    59.1065    4.11909    60.8766    2.07639    
697    59.087    4.14804    60.9004    2.05225    
698    59.1035    4.15737    60.9321    2.02485    
699    59.1073    4.16691    60.962    1.9886    
700    59.9157    4.14567    61.5515    2.28982    
701    59.9135    4.14316    61.585    2.26076    
702    59.9275    4.14531    61.6212    2.23203    
703    59.9404    4.14278    61.6494    2.20124    
704    59.9338    4.15246    61.6873    2.16714    
705    59.9288    4.19933    61.7261    2.13492    
706    59.9588    4.18057    61.7587    2.10353    
707    59.9519    4.17868    61.7931    2.06687    
708    59.9792    4.16999    61.837    2.01674    
709    59.9768    4.16783    61.8713    1.97897    
710    60.8022    4.1484    62.4706    2.2635    
711    60.8108    4.14474    62.5093    2.22282    
712    60.8301    4.13251    62.5569    2.17977    
713    60.8522    4.1308    62.5914    2.15719    
714    60.8499    4.13712    62.6346    2.11826    
715    60.8432    4.19044    62.6734    2.08588    
716    60.8696    4.17065    62.7086    2.05393    
717    60.8583    4.18478    62.735    2.02714    
718    60.8685    4.17958    62.7693    1.99096    
719    60.8732    4.19405    62.8028    1.95953    
720    61.6977    4.1699    63.3995    2.237    
721    61.6973    4.1648    63.4382    2.20055    
722    61.7103    4.17007    63.4771    2.17581    
723    61.7414    4.15504    63.5168    2.14002    
724    61.7437    4.1501    63.5547    2.10831    
725    61.7188    4.22205    63.5908    2.07392    
726    61.7381    4.21551    63.6181    2.04493    
727    61.7412    4.21638    63.648    2.01739    
728    61.7425    4.23073    63.6771    1.9947    
729    61.7669    4.22396    63.7122    1.95921    
730    62.5645    4.21386    64.3074    2.24897    
731    62.5595    4.22028    64.3383    2.22716    
732    62.5725    4.21804    64.3796    2.18242    
733    62.5875    4.2073    64.413    2.14771    
734    62.5887    4.21161    64.4472    2.10509    
735    62.5684    4.27833    64.4816    2.07636    
736    62.594    4.27145    64.516    2.05084    
737    62.5972    4.27245    64.5441    2.02186    
738    62.6002    4.28578    64.5696    1.99595    
739    62.6194    4.28475    64.6011    1.95328    
740    63.4213    4.26998    65.2097    2.24562    
741    63.4181    4.28359    65.237    2.22289    
742    63.4204    4.28946    65.266    2.19341    
743    63.4551    4.26431    65.3082    2.14118    
744    63.4582    4.26454    65.3442    2.10465    
745    63.4244    4.3364    65.3706    2.08365    
746    63.4518    4.3268    65.4058    2.05181    
747    63.4611    4.32462    65.4391    2.01384    
748    63.4858    4.31508    65.4741    1.96749    
749    63.4915    4.33541    65.5058    1.94672    
750    64.3095    4.31071    66.1348    2.22133    
751    64.3099    4.30502    66.1735    2.18463    
752    64.3159    4.30882    66.2095    2.14924    
753    64.3334    4.30409    66.2385    2.12168    
754    64.3439    4.29151    66.2736    2.08087    
755    64.3226    4.3565    66.3131    2.03185    
756    64.3545    4.32904    66.3428    1.9928    
757    64.3603    4.32981    66.3762    1.95415    
758    64.3876    4.32574    66.4184    1.91725    
759    64.3933    4.32934    66.4482    1.88504    
760    65.2059    4.31218    67.0605    2.1772    
761    65.1965    4.31708    67.0904    2.15001    
762    65.2105    4.30873    67.1324    2.09681    
763    65.2325    4.31517    67.1729    2.06845    
764    65.2367    4.30348    67.2036    2.03146    
765    65.2118    4.36016    67.2387    1.99799    
766    65.2356    4.3465    67.273    1.96237    
767    65.2414    4.3422    67.3054    1.92169    
768    65.2435    4.35578    67.3352    1.89493    
769    65.2627    4.37222    67.3633    1.86417    
770    66.0798    4.35896    67.9915    2.14978    
771    66.084    4.35931    68.0267    2.12268    
772    66.0944    4.37073    68.0654    2.08736    
773    66.1102    4.367    68.0996    2.0477    
774    66.1205    4.34416    68.1355    2.00414    
775    66.0875    4.41013    68.167    1.96702    
776    66.1167    4.3935    68.1995    1.93465    
777    66.1343    4.38021    68.2301    1.89578    
778    66.1409    4.39301    68.2608    1.86844    
779    66.1645    4.40126    68.2881    1.84747    
780    66.9754    4.37911    68.9138    2.13418    
781    66.9758    4.3805    68.9498    2.10233    
782    66.9863    4.39038    68.9884    2.05798    
783    67.0048    4.38321    69.0234    2.01886    
784    67.0195    4.36778    69.0567    1.97713    
785    66.9894    4.42209    69.089    1.93447    
786    67.0106    4.41343    69.1187    1.8938    
787    67.0416    4.39047    69.1589    1.84512    
788    67.0365    4.4008    69.1869    1.81162    
789    67.0566    4.4101    69.2175    1.77083    
790    67.8699    4.39694    69.8539    2.05796    
791    67.8605    4.40453    69.8872    2.02648    
792    67.8647    4.41093    69.9214    1.98824    
793    67.8858    4.39945    69.9484    1.94947    
794    67.8989    4.38055    69.9764    1.91509    
795    67.8587    4.44573    70.0071    1.88895    
796    67.8709    4.42943    70.0359    1.85016    
797    67.8983    4.4199    70.0657    1.81883    
798    67.8824    4.43004    70.0919    1.78705    
799    67.9053    4.43968    70.1156    1.76423    
800    68.7168    4.4192    70.7501    2.03883    
801    68.7253    4.41684    70.7905    2.0072    
802    68.7313    4.42833    70.8238    1.97622    
803    68.7472    4.40859    70.8543    1.92864    
804    68.7548    4.40158    70.8928    1.88982    
805    68.7237    4.46433    70.9199    1.86128    
806    68.7331    4.45382    70.9522    1.82374    
807    68.7587    4.43621    70.9855    1.78353    
808    68.7509    4.44772    71.0064    1.7626    
809    68.7593    4.46452    71.0344    1.7356    
810    69.5637    4.45038    71.654    2.01638    
811    69.5634    4.45474    71.6802    1.98931    
812    69.5602    4.46587    71.7082    1.95847    
813    69.5867    4.46179    71.7433    1.92765    
814    69.6035    4.44648    71.7756    1.89942    
815    69.5877    4.50258    71.808    1.87462    
816    69.5898    4.52229    71.8421    1.84202    
817    69.619    4.49679    71.8736    1.8064    
818    69.6167    4.49687    71.9085    1.77276    
819    69.6397    4.48687    71.9407    1.72516    
820    70.4404    4.47278    72.5674    2.00452    
821    70.4481    4.47222    72.6121    1.96752    
822    70.4521    4.47582    72.654    1.92245    
823    70.4887    4.45695    72.6977    1.87727    
824    70.5062    4.44108    72.7284    1.85457    
825    70.485    4.48254    72.7667    1.80886    
826    70.4863    4.49614    72.8008    1.77182    
827    70.5254    4.47801    72.8286    1.73445    
828    70.5187    4.48513    72.8503    1.7065    
829    70.5433    4.47153    72.8817    1.66468    
830    71.3404    4.47296    73.5168    1.94787    
831    71.348    4.45968    73.5571    1.91434    
832    71.3467    4.47245    73.5875    1.87707    
833    71.3725    4.47401    73.6173    1.84869    
834    71.3936    4.44474    73.6496    1.82033    
835    71.3761    4.47409    73.688    1.77739    
836    71.3775    4.51188    73.7158    1.74011    
837    71.3967    4.50178    73.7427    1.69949    
838    71.4007    4.50428    73.7696    1.66459    
839    71.4136    4.51116    73.7967    1.63896    
840    72.226    4.49288    74.4461    1.9124    
841    72.2265    4.49444    74.4811    1.88228    
842    72.2243    4.50974    74.5073    1.8559    
843    72.2553    4.50568    74.5456    1.81412    
844    72.2666    4.47983    74.5708    1.77786    
845    72.2383    4.51987    74.6019    1.73108    
846    72.2423    4.55453    74.6351    1.69973    
847    72.2652    4.54856    74.6629    1.67011    
848    72.2737    4.54641    74.6881    1.64042    
849    72.2785    4.56105    74.7167    1.60333    
850    73.0899    4.53031    75.3599    1.87513    
851    73.0795    4.53382    75.3878    1.84739    
852    73.0784    4.55624    75.4139    1.8245    
853    73.0969    4.55899    75.4454    1.79779    
854    73.1216    4.51416    75.4818    1.74645    
855    73.0996    4.54807    75.5147    1.70563    
856    73.1018    4.59721    75.5356    1.68428    
857    73.1247    4.59391    75.5651    1.65371    
858    73.1332    4.58877    75.5955    1.61921    
859    73.1605    4.58019    75.6239    1.571    
860    73.9675    4.57208    76.2773    1.86589    
861    73.9689    4.57605    76.3207    1.8155    
862    73.9657    4.58255    76.3555    1.77631    
863    73.9959    4.57454    76.3894    1.74217    
864    74.0099    4.56491    76.4155    1.71567    
865    73.9915    4.57884    76.4476    1.67947    
866    73.9964    4.61849    76.4822    1.63441    
867    74.0175    4.60577    76.5081    1.59794    
868    74.0315    4.5941    76.5375    1.5608    
869    74.049    4.59926    76.5678    1.52285    
870    74.8603    4.58119    77.2326    1.79605    
871    74.8608    4.58155    77.2622    1.76702    
872    74.846    4.59869    77.2925    1.72858    
873    74.8871    4.58637    77.3278    1.67541    
874    74.91    4.58106    77.3634    1.63928    
875    74.896    4.58689    77.391    1.59973    
876    74.8847    4.63678    77.4239    1.56533    
877    74.9014    4.63064    77.4525    1.53169    
878    74.917    4.61654    77.4836    1.49435    
879    74.9184    4.63257    77.5035    1.47085    
880    75.745    4.62337    78.1762    1.74087    
881    75.7454    4.63404    78.2136    1.70444    
882    75.7442    4.65397    78.2404    1.67405    
883    75.7834    4.65616    78.2751    1.63704    
884    75.7947    4.6401    78.3018    1.60111    
885    75.7826    4.6349    78.332    1.5602    
886    75.7578    4.69293    78.3578    1.52504    
887    75.7906    4.67125    78.3829    1.49792    
888    75.8073    4.66607    78.4096    1.46159    
889    75.8012    4.68381    78.4293    1.43053    
890    76.6386    4.66364    79.1006    1.69626    
891    76.6437    4.66219    79.1319    1.66909    
892    76.6433    4.6796    79.1683    1.6339    
893    76.6753    4.67269    79.2002    1.5967    
894    76.6947    4.65212    79.2294    1.55127    
895    76.6925    4.64864    79.2612    1.50778    
896    76.6596    4.70271    79.293    1.46291    
897    76.6879    4.6797    79.3161    1.42826    
898    76.7127    4.65995    79.3478    1.37401    
899    76.7095    4.66051    79.3674    1.33657    
900    77.526    4.65163    80.0452    1.58673    
901    77.5301    4.66539    80.0851    1.55357    
902    77.5199    4.69314    80.1101    1.52529    
903    77.5519    4.68061    80.1376    1.48385    
904    77.5723    4.66127    80.1634    1.45023    
905    77.5663    4.64506    80.1901    1.42065    
906    77.5146    4.72737    80.2098    1.39383    
907    77.5483    4.70182    80.2295    1.36513    
908    77.5721    4.68774    80.2545    1.34069    
909    77.5591    4.6968    80.2715    1.30783    
910    78.3757    4.67879    80.9429    1.57827    
911    78.378    4.67807    80.9773    1.53736    
912    78.3839    4.69291    81.0117    1.49916    
913    78.4124    4.69551    81.0384    1.47397    
914    78.4236    4.66482    81.0655    1.42548    
915    78.4186    4.66335    81.0973    1.3902    
916    78.3786    4.73519    81.1195    1.3622    
917    78.4034    4.72131    81.1487    1.33018    
918    78.4308    4.70808    81.1786    1.29317    
919    78.4221    4.71899    81.1956    1.26984    
920    79.2325    4.7164    81.8673    1.52664    
921    79.2347    4.72422    81.9017    1.49173    
922    79.2298    4.74522    81.9266    1.46527    
923    79.2637    4.73668    81.9556    1.42514    
924    79.2859    4.71399    81.9863    1.38373    
925    79.2863    4.71274    82.0127    1.35489    
926    79.2488    4.78593    82.0349    1.33013    
927    79.2773    4.77707    82.0638    1.29829    
928    79.3074    4.75479    82.0876    1.26796    
929    79.3133    4.74785    82.1062    1.24187    
930    80.1334    4.7273    82.8005    1.48351    
931    80.1348    4.73622    82.8338    1.44608    
932    80.1381    4.75297    82.8669    1.4032    
933    80.1773    4.73699    82.9036    1.36184    
934    80.2057    4.70112    82.9445    1.31832    
935    80.2089    4.70064    82.9708    1.28668    
936    80.1697    4.76369    83.0028    1.23386    
937    80.1998    4.7499    83.0289    1.19565    
938    80.2336    4.73713    83.0517    1.16207    
939    80.2303    4.73899    83.0702    1.13402    
940    81.0423    4.70918    83.7837    1.37299    
941    81.0374    4.7212    83.8076    1.34506    
942    81.0461    4.727    83.8426    1.30921    
943    81.0772    4.72117    83.8688    1.27544    
944    81.0975    4.69938    83.8926    1.24907    
945    81.1088    4.68815    83.9093    1.22059    
946    81.0805    4.73729    83.9336    1.18488    
947    81.0927    4.7434    83.9579    1.14781    
948    81.121    4.73496    83.9838    1.10917    
949    81.124    4.72501    84.0013    1.07697    
950    81.9288    4.71849    84.716    1.30266    
951    81.9285    4.72571    84.7438    1.2708    
952    81.9254    4.74647    84.7667    1.24875    
953    81.9574    4.74464    84.7802    1.23265    
954    81.9914    4.72125    84.8002    1.2063    
955    81.9765    4.71759    84.8226    1.17141    
956    81.9346    4.7856    84.8475    1.13582    
957    81.9485    4.78457    84.8633    1.11237    
958    81.9796    4.77238    84.8824    1.09126    
959    81.9845    4.76554    84.8989    1.06805    
960    82.7857    4.7574    85.6328    1.26706    
961    82.788    4.7567    85.6676    1.21712    
962    82.7696    4.77671    85.6927    1.19741    
963    82.7963    4.77768    85.7084    1.17806    
964    82.8156    4.76236    85.7233    1.15732    
965    82.8207    4.74283    85.7445    1.12565    
966    82.7868    4.80955    85.7658    1.09308    
967    82.7946    4.81414    85.7813    1.07187    
968    82.8148    4.81026    85.8058    1.04283    
969    82.827    4.8003    85.826    1.01474    
970    83.6497    4.76516    86.5616    1.21059    
971    83.6376    4.7846    86.5879    1.18392    
972    83.6346    4.80745    86.6199    1.14617    
973    83.671    4.79351    86.6463    1.1216    
974    83.695    4.76911    86.6682    1.09086    
975    83.6865    4.76995    86.6868    1.07419    
976    83.6679    4.80556    86.7038    1.05631    
977    83.6711    4.81049    86.7222    1.03023    
978    83.6986    4.80103    86.7283    1.01854    
979    83.7116    4.78449    86.7414    0.997605    
980    84.5344    4.77475    87.5128    1.16652    
981    84.5348    4.79328    87.536    1.13887    
982    84.5236    4.81244    87.557    1.11254    
983    84.5496    4.80959    87.5787    1.07836    
984    84.5824    4.77914    87.5997    1.04662    
985    84.5828    4.78176    87.6161    1.02755    
986    84.5609    4.81083    87.626    1.00679    
987    84.5632    4.822    87.6369    0.988753    
988    84.5797    4.82099    87.648    0.973679    
989    84.5891    4.80701    87.6586    0.952691    
990    85.4055    4.80608    88.4608    1.08448    
991    85.4052    4.82871    88.4845    1.05362    
992    85.3957    4.86219    88.5013    1.03313    
993    85.435    4.85061    88.5198    1.00739    
994    85.4662    4.82809    88.5302    0.990812    
995    85.4577    4.82226    88.5391    0.976957    
996    85.4439    4.83356    88.5483    0.962109    
997    85.4344    4.87785    88.5531    0.951342    
998    85.4618    4.86651    88.5568    0.940642    
999    85.4839    4.8506    88.5608    0.931449    
1000    86.2929    4.84848    89.3918    1.01426    
