10    1.2168    0.546128    1.22128    0.540145    
11    1.25182    0.56066    1.29144    0.502791    
12    1.26083    0.584715    1.33926    0.467431    
13    1.28362    0.58144    1.38309    0.425568    
14    1.29257    0.59534    1.41734    0.39614    
15    1.9272    0.668571    1.93644    0.655583    
16    1.95162    0.687085    2.00658    0.618092    
17    1.98306    0.699883    2.06157    0.584763    
18    1.9875    0.722422    2.1006    0.549577    
19    2.00168    0.728126    2.14441    0.508851    
20    2.6632    0.761332    2.67473    0.748621    
21    2.6771    0.788902    2.73051    0.717169    
22    2.69836    0.807546    2.77432    0.687928    
23    2.71865    0.821659    2.82371    0.657057    
24    2.72917    0.834323    2.87308    0.616622    
25    3.3784    0.878718    3.3915    0.861642    
26    3.402    0.901691    3.45843    0.827933    
27    3.43037    0.90922    3.52294    0.781276    
28    3.45164    0.924413    3.56673    0.748826    
29    3.46097    0.931225    3.60972    0.705932    
30    4.1016    0.990323    4.11867    0.96708    
31    4.13307    0.987327    4.19274    0.919758    
32    4.16731    1.00036    4.25725    0.88041    
33    4.20218    1.00507    4.3082    0.843731    
34    4.20988    1.0276    4.35435    0.797967    
35    4.8424    1.08045    4.86257    1.05082    
36    4.87522    1.07265    4.93741    1.00083    
37    4.9046    1.08915    5.01066    0.956042    
38    4.94368    1.09212    5.06717    0.911669    
39    4.96574    1.09565    5.11491    0.868644    
40    5.6056    1.14682    5.62876    1.11389    
41    5.62932    1.15971    5.6837    1.08148    
42    5.65048    1.16235    5.74977    1.04096    
43    5.68791    1.17727    5.80628    1.00237    
44    5.71582    1.18958    5.86198    0.965296    
45    6.3488    1.23685    6.37825    1.19909    
46    6.38733    1.22985    6.44749    1.14688    
47    6.39775    1.22769    6.50239    1.10345    
48    6.42688    1.24189    6.56365    1.05605    
49    6.45143    1.26517    6.61299    1.02465    
50    7.0792    1.31767    7.11897    1.2749    
51    7.10828    1.33019    7.18502    1.2302    
52    7.13434    1.32664    7.25186    1.18626    
53    7.16478    1.34081    7.30993    1.1408    
54    7.2111    1.32846    7.37912    1.08603    
55    7.8416    1.37771    7.88595    1.32568    
56    7.88465    1.37493    7.96074    1.27083    
57    7.91039    1.37896    8.03155    1.22428    
58    7.93652    1.38293    8.08087    1.18966    
59    7.96882    1.38062    8.14369    1.13627    
60    8.61359    1.42253    8.66092    1.37268    
61    8.64649    1.43143    8.73093    1.32563    
62    8.66613    1.43463    8.79536    1.27622    
63    8.704    1.41645    8.86375    1.22551    
64    8.723    1.44054    8.91067    1.19056    
65    9.37441    1.48074    9.42316    1.42278    
66    9.39947    1.50308    9.49635    1.37893    
67    9.43066    1.50893    9.56238    1.3378    
68    9.46404    1.50299    9.62201    1.28879    
69    9.48997    1.50138    9.68083    1.23687    
70    10.112    1.5484    10.1718    1.47689    
71    10.146    1.56884    10.2466    1.42824    
72    10.1838    1.56941    10.3158    1.38327    
73    10.211    1.57007    10.3786    1.34037    
74    10.2389    1.57627    10.4247    1.31347    
75    10.8688    1.64006    10.931    1.55821    
76    10.8837    1.65946    10.9922    1.51922    
77    10.9362    1.65045    11.0685    1.4609    
78    10.9693    1.64769    11.1353    1.40726    
79    11.0145    1.63414    11.1949    1.3608    
80    11.6376    1.6808    11.7068    1.59554    
81    11.6655    1.69644    11.7743    1.54955    
82    11.7053    1.69495    11.8435    1.50054    
83    11.7476    1.69279    11.9103    1.45189    
84    11.7867    1.68387    11.9659    1.41121    
85    12.4016    1.7356    12.4714    1.6472    
86    12.4336    1.74876    12.5477    1.59547    
87    12.4552    1.75512    12.6002    1.54956    
88    12.4936    1.75815    12.6646    1.5089    
89    12.532    1.75918    12.7218    1.46705    
90    13.1432    1.79314    13.2154    1.69961    
91    13.1673    1.81228    13.2845    1.65029    
92    13.2058    1.81476    13.3521    1.60355    
93    13.2468    1.79705    13.4236    1.54654    
94    13.2887    1.7851    13.4879    1.49749    
95    13.9    1.85001    13.9752    1.75345    
96    13.945    1.86394    14.0579    1.70519    
97    13.9733    1.8804    14.1286    1.6655    
98    14.0177    1.8532    14.1993    1.61061    
99    14.0396    1.869    14.2502    1.57801    
100    14.6528    1.91765    14.7359    1.81757    
101    14.6834    1.92998    14.805    1.76041    
102    14.7222    1.94291    14.8892    1.7159    
103    14.7538    1.92409    14.9536    1.66473    
104    14.8018    1.90952    15.0274    1.60789    
105    15.4296    1.95085    15.5171    1.84478    
106    15.4708    1.96702    15.5941    1.78768    
107    15.5009    1.97665    15.6656    1.7389    
108    15.5416    1.96613    15.7299    1.69243    
109    15.5728    1.96192    15.7966    1.63511    
110    16.1912    1.98974    16.2807    1.87188    
111    16.2261    2.01237    16.3546    1.82317    
112    16.2603    1.99343    16.4308    1.7541    
113    16.3083    1.98768    16.4999    1.70508    
114    16.3373    1.99818    16.5706    1.6598    
115    16.9728    2.01748    17.077    1.89517    
116    17.0094    2.03736    17.1485    1.84349    
117    17.0453    2.0404    17.2248    1.79319    
118    17.0831    2.04395    17.2899    1.75387    
119    17.113    2.05518    17.3439    1.70549    
120    17.7336    2.06607    17.8479    1.93049    
121    17.7622    2.08663    17.9098    1.8793    
122    17.8031    2.07754    17.9876    1.81995    
123    17.8506    2.0748    18.0567    1.77223    
124    17.875    2.09157    18.1147    1.73449    
125    18.4984    2.12398    18.6188    1.97516    
126    18.5431    2.13686    18.6967    1.92103    
127    18.5761    2.13998    18.7681    1.86096    
128    18.6237    2.13512    18.8356    1.81229    
129    18.6491    2.13904    18.8959    1.75729    
130    19.296    2.15894    19.4192    1.99779    
131    19.3336    2.16941    19.5009    1.93564    
132    19.3739    2.16333    19.57    1.87581    
133    19.3984    2.17259    19.6216    1.83633    
134    19.4263    2.17816    19.6882    1.78504    
135    20.0744    2.17649    20.2036    2.01035    
136    20.1105    2.18832    20.2782    1.94981    
137    20.1549    2.19934    20.3481    1.90754    
138    20.1891    2.20449    20.4163    1.86004    
139    20.2003    2.22171    20.4671    1.81507    
140    20.8376    2.22977    20.9737    2.05571    
141    20.8609    2.25611    21.0452    2.00959    
142    20.9198    2.25082    21.1301    1.95321    
143    20.9477    2.25828    21.1992    1.90672    
144    20.9767    2.25098    21.2563    1.85689    
145    21.6216    2.28335    21.7686    2.10018    
146    21.6442    2.3089    21.8345    2.05219    
147    21.6871    2.30157    21.9106    1.99172    
148    21.7336    2.30321    21.9884    1.93974    
149    21.7748    2.29152    22.0503    1.88957    
150    22.4032    2.32639    22.5538    2.12794    
151    22.4323    2.34125    22.63    2.07479    
152    22.4713    2.34769    22.6951    2.02847    
153    22.4945    2.36157    22.7609    1.97568    
154    22.5342    2.36025    22.8181    1.93641    
155    23.1672    2.38236    23.3327    2.16571    
156    23.2035    2.39812    23.4121    2.12075    
157    23.2546    2.39777    23.4844    2.06718    
158    23.2635    2.40436    23.5446    2.01925    
159    23.3121    2.39611    23.612    1.96721    
160    23.9536    2.43388    24.1236    2.20745    
161    23.9708    2.45964    24.1847    2.17741    
162    24.0123    2.46562    24.2482    2.125    
163    24.0244    2.47699    24.3093    2.08444    
164    24.0723    2.47989    24.3759    2.03521    
165    24.7064    2.50044    24.8891    2.27143    
166    24.7324    2.51962    24.9517    2.22673    
167    24.7868    2.52276    25.0271    2.17425    
168    24.8199    2.5202    25.0961    2.12556    
169    24.8373    2.52683    25.1508    2.0736    
170    25.4848    2.53656    25.6727    2.30055    
171    25.5205    2.5513    25.7457    2.25394    
172    25.5653    2.55231    25.8131    2.20156    
173    25.5985    2.54161    25.8773    2.14378    
174    25.6337    2.5534    25.9439    2.09888    
175    26.2664    2.57738    26.4579    2.33278    
176    26.3101    2.59055    26.5389    2.29073    
177    26.3446    2.59816    26.6071    2.23567    
178    26.369    2.58806    26.6705    2.18177    
179    26.3987    2.59623    26.722    2.13607    
180    27.0392    2.62314    27.2408    2.36515    
181    27.0581    2.63034    27.3058    2.31676    
182    27.0894    2.64098    27.3684    2.26911    
183    27.1299    2.63098    27.435    2.21393    
184    27.1604    2.63545    27.4968    2.16811    
185    27.7896    2.66087    28.0037    2.3953    
186    27.8198    2.66688    28.0735    2.3471    
187    27.835    2.68864    28.1234    2.31054    
188    27.8756    2.66977    28.1923    2.23935    
189    27.9101    2.66993    28.2573    2.18563    
190    28.564    2.68843    28.7793    2.41184    
191    28.5917    2.69491    28.8515    2.35943    
192    28.6224    2.70948    28.9165    2.31136    
193    28.6477    2.71234    28.9807    2.26115    
194    28.6879    2.6993    29.0519    2.19079    
195    29.3328    2.7167    29.5581    2.43047    
196    29.3574    2.73301    29.6255    2.38498    
197    29.3944    2.73669    29.6928    2.32237    
198    29.4166    2.7341    29.7491    2.27324    
199    29.4496    2.73191    29.8093    2.22326    
200    30.0848    2.7635    30.3163    2.4691    
201    30.115    2.77734    30.3885    2.41832    
202    30.1528    2.77935    30.4542    2.36637    
203    30.1767    2.77586    30.5144    2.31606    
204    30.2057    2.76887    30.5785    2.2547    
205    30.8568    2.78385    31.0903    2.49027    
206    30.8646    2.8211    31.1427    2.46053    
207    30.9185    2.82724    31.2203    2.40547    
208    30.9456    2.83597    31.2877    2.36542    
209    30.9779    2.83752    31.3558    2.30997    
210    31.6112    2.8705    31.8589    2.56474    
211    31.6302    2.91232    31.9176    2.53592    
212    31.6705    2.91552    31.9841    2.47544    
213    31.7145    2.89225    32.0609    2.41002    
214    31.7396    2.88101    32.1274    2.34461    
215    32.3856    2.88696    32.6376    2.58218    
216    32.4087    2.91144    32.7033    2.53652    
217    32.465    2.90429    32.7849    2.46497    
218    32.5074    2.90048    32.8569    2.41101    
219    32.5279    2.89498    32.9107    2.36139    
220    33.1544    2.92039    33.4202    2.60679    
221    33.1679    2.93484    33.482    2.55845    
222    33.2155    2.94558    33.5564    2.50546    
223    33.249    2.9255    33.6197    2.4404    
224    33.2896    2.92835    33.6894    2.39655    
225    33.9272    2.95192    34.2005    2.63485    
226    33.9495    2.95085    34.2725    2.57064    
227    33.9931    2.96362    34.3446    2.51719    
228    34.042    2.94905    34.419    2.45786    
229    34.073    2.94528    34.4823    2.40892    
230    34.7016    2.97495    34.9911    2.65881    
231    34.7263    2.98332    35.0687    2.59677    
232    34.7596    2.99046    35.1257    2.54349    
233    34.7988    2.97081    35.1968    2.47879    
234    34.8378    2.96837    35.2649    2.4218    
235    35.46    2.99967    35.761    2.66355    
236    35.4904    3.01764    35.837    2.61535    
237    35.5404    3.02376    35.9098    2.5588    
238    35.5838    3.00645    35.9842    2.49083    
239    35.6212    3.00915    36.0546    2.43474    
240    36.2464    3.02749    36.5618    2.67505    
241    36.2832    3.04349    36.6411    2.62108    
242    36.3325    3.051    36.7194    2.56172    
243    36.3751    3.03701    36.7898    2.5053    
244    36.3958    3.04886    36.8508    2.45901    
245    37.0344    3.0553    37.3588    2.69311    
246    37.0688    3.07414    37.438    2.63801    
247    37.1118    3.07232    37.51    2.58553    
248    37.1568    3.05835    37.5749    2.53433    
249    37.1903    3.07048    37.6453    2.48263    
250    37.816    3.08679    38.1486    2.72729    
251    37.8457    3.10368    38.2214    2.66684    
252    37.8742    3.126    38.2863    2.62163    
253    37.9289    3.09829    38.3623    2.56163    
254    37.9577    3.11058    38.4312    2.51603    
255    38.5984    3.13635    38.9392    2.75111    
256    38.6265    3.15632    39.0112    2.69851    
257    38.6599    3.16236    39.0816    2.64087    
258    38.7219    3.1517    39.1568    2.58796    
259    38.7587    3.15326    39.2336    2.52928    
260    39.404    3.17749    39.7521    2.77502    
261    39.4225    3.19701    39.8162    2.72323    
262    39.4543    3.19966    39.8858    2.66794    
263    39.5003    3.19219    39.9514    2.61287    
264    39.5316    3.20227    40.0179    2.56027    
265    40.1576    3.23625    40.5142    2.80812    
266    40.1858    3.24687    40.5886    2.75607    
267    40.2144    3.25118    40.6574    2.70564    
268    40.2691    3.22733    40.7262    2.63913    
269    40.3037    3.2343    40.7871    2.591    
270    40.9392    3.24589    41.3151    2.82024    
271    40.9577    3.26247    41.3807    2.77351    
272    40.9824    3.27573    41.4432    2.7232    
273    41.0204    3.27464    41.5065    2.67083    
274    41.0678    3.27595    41.5729    2.62459    
275    41.6896    3.31345    42.086    2.87235    
276    41.7137    3.31843    42.1571    2.8141    
277    41.7488    3.33124    42.2243    2.76286    
278    41.7972    3.33239    42.2979    2.70625    
279    41.8414    3.30843    42.3682    2.64313    
280    42.472    3.3506    42.8805    2.88395    
281    42.501    3.33986    42.9611    2.81101    
282    42.5313    3.34803    43.0204    2.76743    
283    42.5758    3.36913    43.0876    2.72012    
284    42.6199    3.36014    43.1532    2.66552    
285    43.2568    3.37973    43.6758    2.8967    
286    43.2826    3.39187    43.7446    2.84523    
287    43.3282    3.38351    43.8212    2.78161    
288    43.3662    3.39029    43.8916    2.72363    
289    43.4065    3.38896    43.9596    2.67163    
290    44.048    3.41053    44.4759    2.91577    
291    44.0771    3.42005    44.551    2.85943    
292    44.097    3.42068    44.6111    2.81021    
293    44.1367    3.42723    44.6775    2.75752    
294    44.1802    3.41876    44.7463    2.70454    
295    44.8224    3.4409    45.2602    2.9425    
296    44.8394    3.4556    45.3258    2.88916    
297    44.869    3.45551    45.3978    2.83578    
298    44.8975    3.47776    45.4444    2.79911    
299    44.9402    3.45248    45.5138    2.71699    
300    45.5808    3.48421    46.027    2.95884    
301    45.6059    3.48958    46.0989    2.90204    
302    45.6402    3.48838    46.1708    2.83812    
303    45.6856    3.49849    46.2347    2.78199    
304    45.7211    3.49173    46.2979    2.72791    
305    46.3616    3.51153    46.8206    2.95663    
306    46.3691    3.51577    46.8815    2.90923    
307    46.3963    3.5152    46.9486    2.85613    
308    46.4505    3.51846    47.0165    2.79238    
309    46.474    3.52201    47.0726    2.74582    
310    47.108    3.55451    47.5771    2.99162    
311    47.1155    3.57212    47.6411    2.94278    
312    47.1555    3.57225    47.7067    2.89172    
313    47.2016    3.59844    47.7651    2.84737    
314    47.2436    3.59891    47.8251    2.79503    
315    47.876    3.60721    48.3447    3.02851    
316    47.9019    3.61381    48.4197    2.96823    
317    47.9275    3.6184    48.471    2.92752    
318    47.9793    3.63067    48.5476    2.86377    
319    48.0261    3.62388    48.6219    2.81789    
320    48.6528    3.65268    49.1384    3.05905    
321    48.6659    3.68147    49.204    3.0213    
322    48.6931    3.6846    49.2649    2.98056    
323    48.7401    3.70391    49.3312    2.92707    
324    48.782    3.6897    49.3999    2.87063    
325    49.4176    3.69227    49.9171    3.10172    
326    49.4419    3.7113    49.9905    3.04705    
327    49.4764    3.7046    50.0537    2.99499    
328    49.5306    3.70975    50.1294    2.92709    
329    49.5799    3.69056    50.1981    2.87017    
330    50.1984    3.71721    50.7059    3.11653    
331    50.2107    3.7349    50.7723    3.06581    
332    50.2427    3.72693    50.8362    3.01524    
333    50.2971    3.74322    50.908    2.95297    
334    50.3414    3.71781    50.9702    2.88577    
335    50.9688    3.76251    51.4813    3.14164    
336    50.9786    3.77413    51.5491    3.08306    
337    51.0212    3.76104    51.6169    3.01669    
338    51.0699    3.77395    51.6927    2.955    
339    51.1224    3.74416    51.7652    2.88867    
340    51.7536    3.781    52.2882    3.14399    
341    51.7716    3.79233    52.3553    3.09595    
342    51.8109    3.78402    52.4278    3.02531    
343    51.8444    3.80402    52.483    2.96863    
344    51.8888    3.76599    52.5507    2.89739    
345    52.516    3.78742    53.0656    3.13557    
346    52.5307    3.80179    53.1326    3.07577    
347    52.5796    3.79322    53.2052    3.01523    
348    52.6259    3.80127    53.2778    2.95538    
349    52.672    3.77734    53.3559    2.88662    
350    53.3144    3.80973    53.8756    3.13456    
351    53.3292    3.82434    53.9443    3.07906    
352    53.3725    3.82001    54.02    3.02109    
353    53.4245    3.82987    54.095    2.96051    
354    53.4626    3.81264    54.1683    2.89372    
355    54.0871    3.83926    54.6715    3.14727    
356    54.1027    3.85889    54.7425    3.09303    
357    54.1525    3.84804    54.8159    3.03396    
358    54.2021    3.85229    54.8877    2.97505    
359    54.237    3.84746    54.9555    2.92487    
360    54.8848    3.86128    55.4785    3.16851    
361    54.8899    3.8839    55.5408    3.11888    
362    54.931    3.88323    55.6094    3.06542    
363    54.9685    3.90619    55.6741    3.01638    
364    55.0131    3.88609    55.7483    2.9564    
365    55.6543    3.9152    56.257    3.20216    
366    55.6636    3.93874    56.3264    3.1466    
367    55.707    3.93649    56.3974    3.09081    
368    55.743    3.93198    56.4643    3.02258    
369    55.794    3.93547    56.5385    2.97315    
370    56.4432    3.94858    57.0591    3.21233    
371    56.4692    3.97032    57.1333    3.16427    
372    56.5023    3.97494    57.1964    3.11311    
373    56.5447    3.97626    57.2658    3.05632    
374    56.5877    3.97366    57.3367    2.99659    
375    57.2128    3.99332    57.8495    3.23868    
376    57.2221    4.0128    57.9118    3.18886    
377    57.2566    4.00325    57.9796    3.13838    
378    57.3031    4.00254    58.0498    3.07945    
379    57.3501    3.98778    58.1191    3.01293    
380    57.9799    4.02032    58.6319    3.2562    
381    58.0117    4.01941    58.7108    3.19388    
382    58.0391    4.0178    58.7778    3.13716    
383    58.0727    4.03027    58.8392    3.08313    
384    58.1126    4.02377    58.9055    3.0337    
385    58.7464    4.05333    59.4152    3.28327    
386    58.7724    4.07283    59.4886    3.23512    
387    58.8071    4.06483    59.5603    3.17297    
388    58.8472    4.07538    59.6281    3.11796    
389    58.887    4.07278    59.695    3.06022    
390    59.5311    4.0846    60.2166    3.29268    
391    59.5477    4.10354    60.282    3.23751    
392    59.5919    4.08513    60.3583    3.16343    
393    59.6287    4.09208    60.4222    3.11791    
394    59.6766    4.09769    60.494    3.07033    
395    60.3144    4.12082    61.0156    3.31295    
396    60.3453    4.12825    61.0905    3.25372    
397    60.3784    4.11795    61.1574    3.1935    
398    60.4336    4.10965    61.2362    3.12926    
399    60.48    4.11033    61.3039    3.06807    
400    61.1088    4.13343    61.824    3.30117    
401    61.1437    4.14152    61.8989    3.25229    
402    61.1768    4.13668    61.9769    3.18739    
403    61.2169    4.13493    62.0407    3.1277    
404    61.2584    4.12353    62.1123    3.06307    
405    61.8935    4.13864    62.6309    3.29881    
406    61.9277    4.14665    62.7081    3.24506    
407    61.9393    4.15661    62.7672    3.19294    
408    61.9793    4.16138    62.8349    3.13713    
409    62.0161    4.18146    62.8822    3.10126    
410    62.6616    4.18878    63.4157    3.32043    
411    62.6862    4.20126    63.4866    3.26417    
412    62.7169    4.19497    63.5623    3.20772    
413    62.765    4.18745    63.6386    3.14289    
414    62.8081    4.20058    63.6961    3.09242    
415    63.4375    4.21749    64.2131    3.32704    
416    63.4661    4.22436    64.2879    3.26427    
417    63.4816    4.22089    64.3549    3.21159    
418    63.5225    4.22978    64.4171    3.16133    
419    63.5802    4.21975    64.4878    3.09134    
420    64.2136    4.23757    64.9906    3.33344    
421    64.2341    4.25513    65.0607    3.28361    
422    64.2457    4.26549    65.1206    3.24091    
423    64.2866    4.26425    65.1828    3.18447    
424    64.3322    4.28056    65.2426    3.13629    
425    64.9648    4.30565    65.7383    3.38124    
426    64.9989    4.2993    65.8225    3.31343    
427    65.0297    4.29677    65.8982    3.26146    
428    65.0594    4.31716    65.9509    3.22031    
429    65.1163    4.31404    66.0225    3.15948    
430    65.7527    4.33316    66.5412    3.40498    
431    65.7749    4.34462    66.6168    3.34633    
432    65.7929    4.35384    66.6878    3.30129    
433    65.8225    4.3676    66.7484    3.25334    
434    65.877    4.36942    66.8113    3.19265    
435    66.5192    4.37687    67.3276    3.43167    
436    66.542    4.37808    67.4031    3.36818    
437    66.5769    4.37215    67.4873    3.30405    
438    66.6139    4.3797    67.5487    3.24967    
439    66.6739    4.37895    67.621    3.18587    
440    67.3168    4.38023    68.1341    3.41735    
441    67.335    4.39014    68.1978    3.36309    
442    67.3456    4.39049    68.2671    3.312    
443    67.381    4.38956    68.3372    3.25676    
444    67.4388    4.38499    68.4135    3.19422    
445    68.0792    4.39501    68.9178    3.42964    
446    68.1006    4.42224    68.9865    3.3923    
447    68.117    4.42809    69.062    3.33767    
448    68.1611    4.4312    69.1384    3.27822    
449    68.2195    4.42902    69.2091    3.21519    
450    68.868    4.43207    69.7309    3.44719    
451    68.899    4.44972    69.8058    3.40244    
452    68.9161    4.43087    69.8735    3.34461    
453    68.9555    4.44037    69.9482    3.27913    
454    69.0029    4.45313    70.0039    3.21988    
455    69.6471    4.45311    70.5224    3.44571    
456    69.6741    4.45319    70.5971    3.37918    
457    69.689    4.44803    70.6726    3.31915    
458    69.7333    4.45172    70.7514    3.26089    
459    69.7965    4.45756    70.8245    3.2    
460    70.448    4.45332    71.3414    3.41741    
461    70.4829    4.47054    71.4225    3.36231    
462    70.4978    4.45595    71.4925    3.29643    
463    70.5309    4.45936    71.5632    3.23347    
464    70.5934    4.46457    71.6347    3.17034    
465    71.2368    4.47194    72.1479    3.40559    
466    71.2551    4.50011    72.2093    3.36173    
467    71.2786    4.49283    72.2785    3.30894    
468    71.3229    4.48764    72.3524    3.24776    
469    71.3798    4.48217    72.4263    3.18285    
470    72.0152    4.49187    72.9325    3.42672    
471    72.051    4.5077    73.0191    3.36779    
472    72.0698    4.49243    73.0821    3.31949    
473    72.1054    4.51169    73.1529    3.27192    
474    72.1536    4.52993    73.2158    3.22222    
475    72.8016    4.52451    73.7323    3.45075    
476    72.8254    4.56045    73.8055    3.40206    
477    72.8555    4.54194    73.8778    3.3427    
478    72.8949    4.54966    73.9541    3.28386    
479    72.9376    4.55248    74.0223    3.21158    
480    73.5984    4.55302    74.5508    3.45414    
481    73.623    4.57746    74.6248    3.39949    
482    73.6604    4.56571    74.6956    3.34923    
483    73.6895    4.57905    74.7584    3.29236    
484    73.7319    4.59138    74.8307    3.23384    
485    74.3752    4.60173    75.3482    3.47312    
486    74.3943    4.63256    75.4149    3.41531    
487    74.4084    4.6188    75.4746    3.36293    
488    74.4496    4.6169    75.5438    3.31252    
489    74.4913    4.62493    75.6193    3.26161    
490    75.1488    4.63446    76.1376    3.49611    
491    75.1662    4.65778    76.2083    3.44211    
492    75.2011    4.63217    76.2901    3.38321    
493    75.2334    4.64196    76.3537    3.328    
494    75.2657    4.65576    76.4149    3.26946    
495    75.9096    4.66987    76.9237    3.50953    
496    75.9406    4.69607    76.9977    3.46416    
497    75.9627    4.69645    77.0685    3.41373    
498    76.0015    4.6848    77.1398    3.34314    
499    76.0304    4.68724    77.205    3.28469    
500    76.692    4.70939    77.7272    3.52443    
501    76.7255    4.72059    77.8082    3.46033    
502    76.7508    4.70504    77.8812    3.40376    
503    76.7999    4.68206    77.9565    3.32334    
504    76.841    4.68624    78.0209    3.27498    
505    77.4936    4.70875    78.5456    3.51466    
506    77.515    4.7266    78.6187    3.4554    
507    77.5453    4.70231    78.6941    3.39427    
508    77.5832    4.70679    78.7584    3.33888    
509    77.6299    4.68683    78.8322    3.26908    
510    78.272    4.71589    79.3522    3.51055    
511    78.3015    4.74051    79.4229    3.44928    
512    78.3388    4.72483    79.5008    3.40179    
513    78.3769    4.72182    79.5729    3.33158    
514    78.4059    4.7216    79.6349    3.27147    
515    79.0544    4.7368    80.1533    3.50697    
516    79.0879    4.75134    80.2264    3.44753    
517    79.118    4.72644    80.3018    3.38571    
518    79.148    4.74537    80.3582    3.3354    
519    79.1714    4.76054    80.4273    3.28234    
520    79.816    4.79983    80.9302    3.54546    
521    79.8575    4.81237    81.0173    3.47047    
522    79.8828    4.79881    81.0896    3.41404    
523    79.9305    4.78955    81.1618    3.35284    
524    79.9643    4.78718    81.2363    3.28532    
525    80.616    4.82193    81.7462    3.52734    
526    80.6439    4.82902    81.8191    3.46136    
527    80.6693    4.80869    81.892    3.39158    
528    80.7057    4.80034    81.9579    3.33111    
529    80.7292    4.80889    82.0277    3.27561    
530    81.3904    4.82035    82.5375    3.50777    
531    81.3935    4.83635    82.5987    3.45546    
532    81.4189    4.83714    82.6647    3.40861    
533    81.4576    4.84906    82.7314    3.36022    
534    81.4924    4.85129    82.7981    3.3015    
535    82.1512    4.88011    83.3088    3.55002    
536    82.1584    4.90031    83.3764    3.50027    
537    82.1932    4.86253    83.4563    3.42683    
538    82.2442    4.86989    83.5317    3.37343    
539    82.2667    4.88304    83.5881    3.32452    
540    82.9248    4.89162    84.1075    3.56271    
541    82.9406    4.89883    84.1836    3.49281    
542    82.9636    4.88142    84.2596    3.42975    
543    83.0048    4.89384    84.3264    3.38301    
544    83.0331    4.90831    84.3868    3.33374    
545    83.6881    4.92283    84.9023    3.57533    
546    83.7111    4.93782    84.9712    3.51404    
547    83.7404    4.91984    85.0425    3.44588    
548    83.7969    4.90927    85.1232    3.37635    
549    83.8245    4.92097    85.1851    3.32299    
550    84.4928    4.92977    85.7134    3.57073    
551    84.5143    4.93317    85.7871    3.50703    
552    84.5277    4.92964    85.8474    3.45694    
553    84.5626    4.93929    85.9109    3.40161    
554    84.5909    4.94588    85.9767    3.34781    
555    85.2488    4.95037    86.4954    3.58481    
556    85.2744    4.95813    86.5729    3.51863    
557    85.2925    4.9646    86.6366    3.47891    
558    85.3339    4.97895    86.7088    3.42947    
559    85.366    4.97934    86.7777    3.36762    
560    86.0304    4.98392    87.285    3.59557    
561    86.0679    4.9892    87.3776    3.5241    
562    86.0902    4.9879    87.4475    3.47641    
563    86.1394    4.99545    87.5165    3.42473    
564    86.1782    4.98918    87.5868    3.35074    
565    86.8265    5.00779    88.0889    3.59749    
566    86.8448    5.00904    88.1664    3.52485    
567    86.8628    4.98695    88.2359    3.45558    
568    86.8994    5.00045    88.3032    3.39172    
569    86.9438    5.00651    88.3824    3.33279    
570    87.6065    5.00658    88.8972    3.57182    
571    87.6289    5.00724    88.9825    3.49294    
572    87.6637    5.00284    89.0577    3.43588    
573    87.7003    4.99886    89.1297    3.36757    
574    87.7389    5.00859    89.201    3.3094    
575    88.3984    5.00402    89.7245    3.54596    
576    88.4271    5.02202    89.8068    3.47979    
577    88.4373    5.02556    89.8672    3.43311    
578    88.4811    5.02947    89.9337    3.37798    
579    88.5222    5.02512    90.0081    3.3161    
580    89.1872    5.01833    90.5269    3.5496    
581    89.2087    5.04945    90.5998    3.49759    
582    89.2471    5.03074    90.6869    3.43182    
583    89.2826    5.03882    90.7527    3.38092    
584    89.3182    5.05841    90.8193    3.33175    
585    89.9712    5.05451    91.3351    3.57222    
586    90.0007    5.06177    91.4174    3.50621    
587    90.0206    5.0639    91.4903    3.45318    
588    90.0683    5.07106    91.5686    3.39057    
589    90.1111    5.08239    91.6367    3.32974    
590    90.7785    5.07176    92.1555    3.55983    
591    90.8073    5.08873    92.2434    3.50207    
592    90.8317    5.08483    92.3131    3.44652    
593    90.8723    5.09392    92.3805    3.39741    
594    90.8974    5.11142    92.4376    3.34453    
595    91.5633    5.10905    92.9606    3.58383    
596    91.5745    5.13595    93.031    3.52631    
597    91.5901    5.14172    93.096    3.47014    
598    91.6107    5.15191    93.1475    3.41602    
599    91.6536    5.15479    93.2164    3.36189    
600    92.3208    5.1565    93.7481    3.60114    
601    92.3464    5.16833    93.8209    3.54054    
602    92.3623    5.17055    93.8921    3.48683    
603    92.4148    5.17508    93.9729    3.43323    
604    92.4439    5.18954    94.033    3.37416    
605    93.1    5.2008    94.5498    3.61101    
606    93.1192    5.22343    94.6162    3.55542    
607    93.1431    5.22006    94.6899    3.50189    
608    93.1821    5.24272    94.7627    3.45184    
609    93.2313    5.2266    94.8338    3.38296    
610    93.8728    5.22993    95.3593    3.61985    
611    93.9094    5.25778    95.4431    3.55933    
612    93.9351    5.24898    95.5189    3.4938    
613    93.9806    5.24373    95.5837    3.4322    
614    94.028    5.22692    95.6555    3.35769    
615    94.6865    5.23294    96.1748    3.60866    
616    94.7071    5.25491    96.2476    3.55081    
617    94.7231    5.2402    96.3164    3.48879    
618    94.7686    5.23405    96.3859    3.42531    
619    94.8089    5.23449    96.453    3.36037    
620    95.4745    5.22372    96.9855    3.58795    
621    95.4898    5.25261    97.0574    3.52292    
622    95.5065    5.25626    97.127    3.46076    
623    95.5485    5.25397    97.2021    3.40841    
624    95.6011    5.25358    97.2756    3.3445    
625    96.24    5.26517    97.7878    3.58707    
626    96.2631    5.27574    97.8604    3.52021    
627    96.2903    5.26713    97.9332    3.464    
628    96.3382    5.26042    98.0066    3.39962    
629    96.3721    5.28926    98.0613    3.35636    
630    97.0217    5.30229    98.5783    3.60025    
631    97.0311    5.34822    98.6395    3.56436    
632    97.0616    5.32937    98.7206    3.48755    
633    97.1046    5.32345    98.794    3.41979    
634    97.1602    5.31436    98.861    3.35483    
635    97.812    5.31065    99.389    3.58636    
636    97.8249    5.34365    99.4594    3.52779    
637    97.8456    5.32431    99.532    3.46253    
638    97.8887    5.31429    99.6053    3.39236    
639    97.9314    5.31681    99.6661    3.33288    
640    98.5729    5.31756    100.186    3.57043    
641    98.5902    5.33863    100.26    3.50893    
642    98.5894    5.33814    100.321    3.45732    
643    98.6286    5.35156    100.378    3.41462    
644    98.6809    5.36155    100.443    3.36155    
645    99.3393    5.36519    100.96    3.60188    
646    99.352    5.39346    101.029    3.54767    
647    99.3553    5.40107    101.096    3.5012    
648    99.4029    5.38035    101.174    3.43065    
649    99.473    5.38918    101.247    3.37615    
650    100.114    5.40636    101.751    3.62964    
651    100.143    5.42566    101.831    3.56895    
652    100.146    5.4088    101.906    3.49477    
653    100.189    5.40533    101.98    3.43025    
654    100.247    5.41754    102.047    3.38109    
655    100.893    5.42651    102.562    3.62612    
656    100.919    5.4531    102.638    3.57179    
657    100.929    5.44877    102.708    3.5102    
658    100.963    5.43419    102.778    3.43636    
659    101.031    5.42727    102.853    3.36574    
660    101.689    5.42557    103.37    3.60825    
661    101.725    5.44078    103.453    3.55173    
662    101.729    5.43274    103.523    3.48476    
663    101.748    5.44134    103.582    3.43005    
664    101.803    5.45896    103.645    3.3731    
665    102.449    5.45763    104.151    3.62548    
666    102.481    5.47004    104.232    3.56003    
667    102.485    5.46178    104.309    3.49272    
668    102.513    5.47814    104.374    3.45145    
669    102.576    5.49499    104.445    3.39836    
670    103.233    5.48702    104.962    3.63208    
671    103.267    5.50052    105.036    3.56858    
672    103.282    5.50036    105.118    3.50202    
673    103.315    5.50433    105.187    3.44689    
674    103.381    5.50718    105.256    3.39589    
675    104.045    5.5025    105.779    3.62759    
676    104.062    5.52619    105.843    3.57669    
677    104.073    5.50165    105.918    3.50748    
678    104.104    5.50001    105.986    3.43597    
679    104.149    5.52328    106.056    3.36946    
680    104.818    5.522    106.584    3.61006    
681    104.855    5.53166    106.663    3.54545    
682    104.863    5.50904    106.742    3.46371    
683    104.902    5.5045    106.81    3.40235    
684    104.947    5.50732    106.878    3.33027    
685    105.608    5.5251    107.396    3.57406    
686    105.64    5.53371    107.474    3.5096    
687    105.652    5.52098    107.552    3.44085    
688    105.669    5.53764    107.611    3.39586    
689    105.729    5.5305    107.676    3.33757    
690    106.391    5.53407    108.206    3.57772    
691    106.428    5.54476    108.284    3.51372    
692    106.433    5.54395    108.351    3.45738    
693    106.485    5.53503    108.435    3.39319    
694    106.541    5.53635    108.501    3.33556    
695    107.19    5.56351    109.026    3.5825    
696    107.22    5.58167    109.1    3.52326    
697    107.239    5.57728    109.182    3.46576    
698    107.277    5.58223    109.248    3.40935    
699    107.335    5.57883    109.319    3.34322    
700    107.999    5.5943    109.847    3.58036    
701    108.032    5.59736    109.927    3.51102    
702    108.05    5.59113    110.005    3.45536    
703    108.085    5.58251    110.075    3.39126    
704    108.138    5.59459    110.14    3.34438    
705    108.79    5.62375    110.661    3.59524    
706    108.82    5.63745    110.737    3.53284    
707    108.821    5.6389    110.804    3.46931    
708    108.854    5.64157    110.866    3.41418    
709    108.882    5.66215    110.921    3.36044    
710    109.541    5.6715    111.443    3.60861    
711    109.57    5.68085    111.525    3.55166    
712    109.576    5.66331    111.602    3.48399    
713    109.618    5.66657    111.671    3.42508    
714    109.677    5.66736    111.745    3.3732    
715    110.322    5.69246    112.267    3.61997    
716    110.347    5.727    112.336    3.55977    
717    110.346    5.71872    112.399    3.50312    
718    110.393    5.71498    112.466    3.44946    
719    110.438    5.73118    112.537    3.3916    
720    111.098    5.73301    113.074    3.62165    
721    111.12    5.75977    113.141    3.56215    
722    111.137    5.75497    113.217    3.49715    
723    111.186    5.75085    113.294    3.43011    
724    111.237    5.74564    113.36    3.3625    
725    111.895    5.7258    113.899    3.58335    
726    111.923    5.74836    113.966    3.53264    
727    111.928    5.73582    114.033    3.47537    
728    111.975    5.72612    114.097    3.41434    
729    112.031    5.72929    114.167    3.35274    
730    112.681    5.7352    114.7    3.58371    
731    112.715    5.73474    114.78    3.5068    
732    112.722    5.73615    114.855    3.43957    
733    112.755    5.7457    114.922    3.38459    
734    112.817    5.75405    114.998    3.33031    
735    113.481    5.76328    115.532    3.56226    
736    113.495    5.78675    115.592    3.5115    
737    113.506    5.77349    115.662    3.44855    
738    113.547    5.76516    115.735    3.39223    
739    113.598    5.77134    115.804    3.33577    
740    114.251    5.80069    116.327    3.58815    
741    114.279    5.82311    116.395    3.53441    
742    114.278    5.83325    116.454    3.49385    
743    114.318    5.83253    116.533    3.41763    
744    114.374    5.83235    116.603    3.34218    
745    115.048    5.82966    117.142    3.57364    
746    115.072    5.84274    117.218    3.51222    
747    115.076    5.83633    117.283    3.45481    
748    115.107    5.82861    117.35    3.38266    
749    115.149    5.83527    117.419    3.31196    
750    115.815    5.84328    117.947    3.55494    
751    115.832    5.85333    118.023    3.48834    
752    115.847    5.83532    118.092    3.41993    
753    115.863    5.8462    118.148    3.36579    
754    115.897    5.87665    118.203    3.31916    
755    116.575    5.88558    118.724    3.5637    
756    116.594    5.89586    118.798    3.50212    
757    116.599    5.88967    118.866    3.45277    
758    116.617    5.90796    118.929    3.40119    
759    116.669    5.90632    119.005    3.32913    
760    117.358    5.90865    119.54    3.57021    
761    117.363    5.92716    119.596    3.52163    
762    117.384    5.90775    119.675    3.45942    
763    117.401    5.90899    119.748    3.38955    
764    117.444    5.92873    119.82    3.32481    
765    118.117    5.92453    120.347    3.5619    
766    118.128    5.94401    120.412    3.50522    
767    118.155    5.93421    120.484    3.4431    
768    118.183    5.94371    120.559    3.38235    
769    118.231    5.94779    120.631    3.30982    
770    118.92    5.93063    121.159    3.53194    
771    118.932    5.946    121.224    3.4729    
772    118.961    5.93489    121.302    3.42505    
773    118.978    5.92966    121.367    3.36225    
774    119.014    5.95808    121.429    3.30498    
775    119.689    5.965    121.954    3.54831    
776    119.703    5.98746    122.022    3.50358    
777    119.727    5.97034    122.097    3.44055    
778    119.748    5.961    122.17    3.37373    
779    119.78    5.99255    122.232    3.33031    
780    120.463    5.98912    122.768    3.56721    
781    120.486    6.00749    122.843    3.50456    
782    120.513    5.98686    122.912    3.44174    
783    120.549    5.98618    122.991    3.36923    
784    120.591    6.01255    123.054    3.31708    
785    121.277    6.00883    123.587    3.5625    
786    121.302    6.02121    123.661    3.49895    
787    121.318    6.00965    123.721    3.44304    
788    121.33    5.99959    123.789    3.36975    
789    121.358    6.01539    123.854    3.30301    
790    122.042    6.01652    124.389    3.53794    
791    122.069    6.0287    124.468    3.47495    
792    122.101    6.00088    124.541    3.40635    
793    122.133    6.00022    124.624    3.32401    
794    122.179    6.01939    124.689    3.2616    
795    122.855    6.00554    125.222    3.48596    
796    122.878    6.02536    125.296    3.42756    
797    122.919    5.99762    125.371    3.36477    
798    122.94    6.012    125.445    3.28839    
799    122.963    6.04291    125.502    3.2413    
800    123.654    6.02494    126.035    3.47265    
801    123.682    6.03006    126.118    3.40678    
802    123.724    6.00442    126.192    3.34899    
803    123.743    6.02297    126.255    3.28896    
804    123.777    6.04229    126.33    3.22705    
805    124.463    6.02677    126.862    3.4616    
806    124.481    6.05923    126.936    3.40385    
807    124.512    6.03094    127.004    3.33981    
808    124.534    6.04762    127.074    3.2865    
809    124.556    6.0819    127.132    3.23525    
810    125.254    6.07893    127.683    3.46425    
811    125.285    6.10042    127.753    3.40149    
812    125.319    6.06531    127.824    3.33555    
813    125.338    6.07667    127.897    3.28118    
814    125.362    6.09207    127.961    3.21996    
815    126.067    6.09795    128.511    3.462    
816    126.074    6.12504    128.567    3.41794    
817    126.105    6.10292    128.635    3.35867    
818    126.109    6.12803    128.7    3.29603    
819    126.136    6.14839    128.756    3.2375    
820    126.814    6.15862    129.294    3.47434    
821    126.843    6.16155    129.362    3.41806    
822    126.87    6.15182    129.432    3.36309    
823    126.889    6.16177    129.501    3.29748    
824    126.915    6.17647    129.561    3.23975    
825    127.619    6.17336    130.12    3.4741    
826    127.632    6.19719    130.178    3.42664    
827    127.644    6.19907    130.24    3.36688    
828    127.66    6.21186    130.304    3.31061    
829    127.681    6.23119    130.368    3.25677    
830    128.369    6.22981    130.912    3.4932    
831    128.402    6.22434    130.987    3.42039    
832    128.415    6.22672    131.052    3.36239    
833    128.442    6.23721    131.122    3.3022    
834    128.473    6.25686    131.196    3.23392    
835    129.167    6.23967    131.746    3.46336    
836    129.202    6.22594    131.821    3.38678    
837    129.227    6.21813    131.888    3.33056    
838    129.243    6.2142    131.95    3.27046    
839    129.27    6.22261    132.007    3.21298    
840    129.959    6.21895    132.558    3.44339    
841    129.985    6.23261    132.631    3.3802    
842    130.02    6.2064    132.705    3.30754    
843    130.019    6.21619    132.771    3.24149    
844    130.057    6.23701    132.833    3.18271    
845    130.751    6.25301    133.384    3.4224    
846    130.789    6.26485    133.458    3.36214    
847    130.801    6.25929    133.512    3.31026    
848    130.803    6.25757    133.579    3.24902    
849    130.847    6.2622    133.641    3.19338    
850    131.531    6.27409    134.194    3.4359    
851    131.562    6.29243    134.253    3.39182    
852    131.583    6.2959    134.318    3.34222    
853    131.582    6.32468    134.369    3.29761    
854    131.617    6.32612    134.441    3.22214    
855    132.315    6.32687    135.015    3.43579    
856    132.356    6.31523    135.084    3.3677    
857    132.376    6.31028    135.153    3.31023    
858    132.373    6.32659    135.214    3.25187    
859    132.403    6.33583    135.273    3.18585    
860    133.091    6.32812    135.83    3.40231    
861    133.118    6.33225    135.895    3.35015    
862    133.135    6.33413    135.963    3.29213    
863    133.135    6.32655    136.024    3.22617    
864    133.159    6.34688    136.079    3.17215    
865    133.841    6.35968    136.621    3.41871    
866    133.875    6.36893    136.689    3.36221    
867    133.897    6.36135    136.75    3.30251    
868    133.892    6.3757    136.811    3.24383    
869    133.918    6.40299    136.869    3.18648    
870    134.616    6.38314    137.429    3.40897    
871    134.652    6.38849    137.5    3.35329    
872    134.678    6.38754    137.555    3.29883    
873    134.677    6.38035    137.626    3.22965    
874    134.701    6.39783    137.698    3.1597    
875    135.401    6.39522    138.26    3.38509    
876    135.426    6.39891    138.325    3.32717    
877    135.456    6.39805    138.384    3.26811    
878    135.453    6.41503    138.454    3.20576    
879    135.488    6.43081    138.515    3.14689    
880    136.187    6.41316    139.078    3.36581    
881    136.226    6.39729    139.151    3.29279    
882    136.254    6.39677    139.206    3.23847    
883    136.249    6.41614    139.276    3.18561    
884    136.275    6.42798    139.335    3.12514    
885    136.964    6.42894    139.886    3.35465    
886    136.987    6.43783    139.956    3.30148    
887    137.016    6.43773    140.015    3.25349    
888    137.013    6.45426    140.085    3.19    
889    137.042    6.45663    140.147    3.12977    
890    137.738    6.45923    140.702    3.36665    
891    137.78    6.46906    140.775    3.30926    
892    137.811    6.46416    140.843    3.24615    
893    137.809    6.47368    140.906    3.18187    
894    137.851    6.48611    140.975    3.10958    
895    138.559    6.47302    141.538    3.33314    
896    138.602    6.48562    141.605    3.27769    
897    138.632    6.46991    141.67    3.21115    
898    138.612    6.49267    141.724    3.15977    
899    138.643    6.49674    141.79    3.09705    
900    139.328    6.48832    142.347    3.31758    
901    139.359    6.49052    142.419    3.25726    
902    139.399    6.47968    142.494    3.19078    
903    139.396    6.48576    142.556    3.12399    
904    139.452    6.47108    142.627    3.04983    
905    140.152    6.47723    143.19    3.26677    
906    140.189    6.48158    143.266    3.19546    
907    140.216    6.4772    143.331    3.14423    
908    140.213    6.48478    143.399    3.08547    
909    140.257    6.48084    143.464    3.01112    
910    140.947    6.4947    144.02    3.24026    
911    140.986    6.49676    144.087    3.17829    
912    141.02    6.47809    144.169    3.11088    
913    141.019    6.497    144.234    3.06258    
914    141.061    6.50267    144.286    3.00673    
915    141.77    6.50167    144.86    3.21978    
916    141.804    6.50277    144.923    3.16105    
917    141.819    6.50942    144.984    3.10833    
918    141.809    6.52041    145.041    3.04844    
919    141.857    6.51685    145.098    2.9943    
920    142.563    6.53473    145.676    3.20596    
921    142.602    6.5464    145.741    3.14449    
922    142.631    6.5394    145.81    3.08253    
923    142.619    6.54932    145.869    3.02204    
924    142.674    6.54868    145.925    2.96899    
925    143.364    6.55681    146.502    3.18625    
926    143.416    6.56158    146.569    3.1382    
927    143.427    6.56994    146.617    3.09858    
928    143.407    6.59056    146.68    3.04227    
929    143.45    6.60742    146.733    2.98585    
930    144.139    6.61373    147.309    3.2008    
931    144.169    6.62572    147.364    3.1411    
932    144.205    6.60927    147.422    3.08683    
933    144.188    6.63311    147.483    3.03374    
934    144.239    6.62621    147.545    2.97845    
935    144.926    6.62995    148.127    3.19677    
936    144.98    6.63494    148.203    3.13425    
937    144.994    6.63524    148.253    3.08423    
938    144.967    6.67476    148.308    3.02871    
939    145.014    6.6667    148.356    2.98555    
940    145.707    6.6835    148.947    3.1981    
941    145.736    6.69869    149.007    3.14167    
942    145.761    6.67919    149.066    3.082    
943    145.74    6.70348    149.118    3.02976    
944    145.799    6.70009    149.18    2.97492    
945    146.495    6.71519    149.788    3.16922    
946    146.533    6.7209    149.857    3.1069    
947    146.566    6.68912    149.916    3.03961    
948    146.558    6.70458    149.973    2.99102    
949    146.601    6.6948    150.023    2.94316    
950    147.29    6.70485    150.622    3.14232    
951    147.326    6.71398    150.693    3.08114    
952    147.349    6.70814    150.753    3.03224    
953    147.344    6.70609    150.81    2.975    
954    147.39    6.70531    150.863    2.91463    
955    148.063    6.72214    151.46    3.10542    
956    148.108    6.73397    151.523    3.05153    
957    148.136    6.71953    151.585    3.00003    
958    148.107    6.74146    151.634    2.95645    
959    148.157    6.73351    151.68    2.90891    
960    148.843    6.74    152.287    3.10083    
961    148.886    6.74645    152.353    3.04546    
962    148.894    6.74687    152.405    3.00542    
963    148.878    6.77515    152.457    2.96579    
964    148.914    6.78908    152.495    2.9228    
965    149.616    6.80063    153.112    3.10077    
966    149.659    6.80495    153.188    3.02479    
967    149.682    6.78291    153.248    2.97283    
968    149.657    6.7953    153.298    2.92602    
969    149.7    6.80154    153.338    2.8766    
970    150.386    6.80925    153.954    3.05513    
971    150.431    6.81321    154.022    2.99324    
972    150.446    6.80691    154.069    2.95232    
973    150.419    6.82248    154.119    2.90098    
974    150.465    6.80485    154.168    2.85299    
975    151.155    6.8142    154.768    3.04664    
976    151.19    6.83962    154.825    3.00067    
977    151.213    6.83525    154.887    2.94657    
978    151.182    6.84711    154.936    2.89646    
979    151.233    6.84945    154.977    2.85774    
980    151.922    6.86559    155.588    3.03627    
981    151.97    6.86535    155.647    2.98422    
982    151.994    6.85296    155.707    2.93252    
983    151.972    6.86295    155.747    2.88972    
984    152.019    6.86085    155.79    2.85459    
985    152.709    6.86217    156.428    3.012    
986    152.75    6.87384    156.482    2.96683    
987    152.761    6.86048    156.516    2.92885    
988    152.742    6.8752    156.559    2.89075    
989    152.791    6.88703    156.606    2.84892    
990    153.492    6.88503    157.247    2.99362    
991    153.535    6.88886    157.301    2.94297    
992    153.567    6.86379    157.361    2.8956    
993    153.545    6.87993    157.399    2.86037    
994    153.585    6.89057    157.427    2.84313    
995    154.276    6.88494    158.088    2.96816    
996    154.312    6.89753    158.134    2.93123    
997    154.317    6.90697    158.173    2.90667    
998    154.295    6.92518    158.206    2.87374    
999    154.348    6.92225    158.226    2.85249    
1000    155.044    6.90869    158.908    2.95648    
