10    0    0    0    0    
11    0    0    0    0    
12    0    0    0    0    
13    0    0    0    0    
14    0    0    0    0    
15    0    0    0    0    
16    0    0    0    0    
17    0    0    0    0    
18    0    0    0    0    
19    0    0    0    0    
20    0.62605    0.450569    0.644247    0.442171    
21    0.626666    0.452016    0.662236    0.434785    
22    0.63    0.452403    0.683064    0.425121    
23    0.631304    0.453339    0.690637    0.421297    
24    0.6325    0.454198    0.703889    0.414185    
25    0.62592    0.457511    0.711462    0.409872    
26    0.632693    0.456362    0.730392    0.398257    
27    0.632666    0.457358    0.741749    0.390682    
28    0.635465    0.457344    0.754052    0.381924    
29    0.630483    0.459831    0.764462    0.374038    
30    0.633167    0.459752    0.773925    0.366464    
31    0.629033    0.461814    0.782441    0.359297    
32    0.625812    0.463497    0.790957    0.351778    
33    0.622545    0.465117    0.798526    0.34478    
34    0.627971    0.464079    0.805148    0.338399    
35    0.627543    0.464779    0.810824    0.332727    
36    0.624166    0.466329    0.813662    0.329818    
37    0.618811    0.468379    0.822175    0.320781    
38    0.620237    0.468445    0.830687    0.311249    
39    0.623589    0.467926    0.836362    0.304596    
40    1.39745    0.672866    1.4429    0.648311    
41    1.4059    0.676652    1.46183    0.641815    
42    1.41143    0.669497    1.47886    0.630604    
43    1.42451    0.666387    1.49873    0.62269    
44    1.4175    0.676501    1.51388    0.614776    
45    1.419    0.681254    1.53091    0.604558    
46    1.41948    0.680577    1.54132    0.599566    
47    1.41893    0.682535    1.55267    0.591118    
48    1.42408    0.680557    1.57537    0.577842    
49    1.42726    0.681196    1.59146    0.56698    
50    1.42944    0.67908    1.60281    0.561821    
51    1.42484    0.680879    1.61321    0.551862    
52    1.42789    0.681457    1.62362    0.5382    
53    1.43089    0.67518    1.63686    0.52622    
54    1.43578    0.677103    1.6482    0.516198    
55    1.43293    0.678887    1.65672    0.508825    
56    1.43679    0.682126    1.66428    0.501671    
57    1.42518    0.694462    1.66712    0.498479    
58    1.4251    0.692174    1.67752    0.491344    
59    1.42693    0.685847    1.68697    0.482551    
60    2.2306    0.861162    2.29839    0.819599    
61    2.24298    0.857285    2.3192    0.80786    
62    2.25532    0.855345    2.33907    0.797635    
63    2.26952    0.844939    2.36745    0.78108    
64    2.26939    0.844269    2.37691    0.77525    
65    2.27588    0.842297    2.39583    0.763111    
66    2.27277    0.848757    2.41096    0.749333    
67    2.2763    0.845302    2.42798    0.733615    
68    2.28838    0.849367    2.4469    0.724391    
69    2.28609    0.838619    2.46108    0.710166    
70    2.278    0.838999    2.47054    0.699939    
71    2.28327    0.834561    2.48282    0.686342    
72    2.27988    0.841005    2.497    0.670555    
73    2.2774    0.849678    2.50551    0.663468    
74    2.28735    0.844825    2.51497    0.655961    
75    2.28288    0.847793    2.52253    0.650068    
76    2.27645    0.844976    2.53766    0.637857    
77    2.26613    0.851277    2.54427    0.628943    
78    2.27596    0.842144    2.56223    0.610493    
79    2.27327    0.844174    2.57546    0.594117    
80    3.1084    0.982267    3.19268    0.921812    
81    3.11042    0.975516    3.20971    0.910164    
82    3.12951    0.967692    3.23903    0.892172    
83    3.14572    0.964572    3.25984    0.883572    
84    3.14476    0.964598    3.27308    0.873058    
85    3.15519    0.952597    3.29482    0.855113    
86    3.157    0.944512    3.3109    0.842632    
87    3.15209    0.944707    3.32602    0.828575    
88    3.15286    0.950807    3.33831    0.818489    
89    3.14595    0.951496    3.34966    0.809238    
90    3.15142    0.95756    3.36857    0.801463    
91    3.15686    0.956903    3.37897    0.789389    
92    3.17182    0.948418    3.39692    0.768103    
93    3.16667    0.95051    3.40543    0.762421    
94    3.17968    0.945372    3.42434    0.747986    
95    3.17925    0.952239    3.43946    0.737088    
96    3.17592    0.96617    3.44986    0.732753    
97    3.17063    0.972935    3.45553    0.724271    
98    3.17682    0.96667    3.47159    0.702016    
99    3.17434    0.968268    3.48009    0.693604    
100    4.00805    1.10068    4.11449    1.01908    
101    4.01584    1.08693    4.13718    0.999898    
102    4.0217    1.09171    4.14947    0.994133    
103    4.02942    1.08944    4.1646    0.982123    
104    4.03901    1.08253    4.1835    0.965357    
105    4.03524    1.08426    4.19958    0.956222    
106    4.04381    1.07367    4.21564    0.941039    
107    4.04378    1.06949    4.22415    0.934696    
108    4.03703    1.06881    4.23643    0.918657    
109    4.02928    1.07548    4.24682    0.905105    
110    4.04155    1.07084    4.26856    0.882083    
111    4.03851    1.07441    4.28274    0.872599    
112    4.03639    1.08494    4.29596    0.860757    
113    4.04474    1.0853    4.31108    0.847363    
114    4.05403    1.07738    4.33093    0.829868    
115    4.05661    1.06864    4.34037    0.818114    
116    4.06394    1.06178    4.35738    0.797355    
117    4.06072    1.06797    4.36588    0.791727    
118    4.06321    1.06688    4.37532    0.776682    
119    4.05898    1.07281    4.38383    0.769553    
120    4.8811    1.18751    5.01167    1.09203    
121    4.88893    1.17974    5.03436    1.07349    
122    4.89672    1.1895    5.0476    1.06715    
123    4.90924    1.18067    5.0665    1.05204    
124    4.91318    1.17475    5.08162    1.03854    
125    4.91994    1.17343    5.09485    1.02704    
126    4.92191    1.17545    5.11186    1.0138    
127    4.92956    1.1658    5.12698    0.997261    
128    4.941    1.16173    5.15155    0.979834    
129    4.94765    1.15319    5.17233    0.95763    
130    4.95333    1.14906    5.18745    0.944842    
131    4.94275    1.16674    5.20162    0.933531    
132    4.93977    1.17059    5.21674    0.921846    
133    4.93963    1.16816    5.22714    0.912864    
134    4.93469    1.173    5.24036    0.902541    
135    4.9278    1.17726    5.25359    0.893925    
136    4.93331    1.1795    5.26682    0.882979    
137    4.94836    1.164    5.28192    0.861253    
138    4.95479    1.16487    5.29326    0.851765    
139    4.95449    1.17415    5.30176    0.841294    
140    5.77695    1.29224    5.92967    1.16251    
141    5.78006    1.28881    5.94857    1.14892    
142    5.79454    1.29792    5.9656    1.14631    
143    5.7995    1.29085    5.98259    1.12458    
144    5.80823    1.28059    5.99865    1.10684    
145    5.81313    1.27905    6.01377    1.09419    
146    5.81801    1.27678    6.02416    1.08642    
147    5.80857    1.28024    6.03455    1.0793    
148    5.82292    1.27507    6.0525    1.06185    
149    5.83725    1.2719    6.07329    1.0474    
150    5.84489    1.26531    6.08935    1.03386    
151    5.84964    1.2622    6.1054    1.01987    
152    5.84197    1.27    6.11674    1.01413    
153    5.82473    1.2799    6.13185    0.998543    
154    5.81987    1.28471    6.14413    0.988787    
155    5.81783    1.29316    6.1583    0.974137    
156    5.82342    1.29328    6.17812    0.950462    
157    5.82421    1.29338    6.19229    0.936659    
158    5.82784    1.29645    6.20362    0.924504    
159    5.82476    1.30104    6.22061    0.906709    
160    6.6519    1.38261    6.83537    1.22157    
161    6.65597    1.38371    6.85522    1.20949    
162    6.66287    1.3766    6.87504    1.18342    
163    6.67166    1.37862    6.89583    1.17041    
164    6.68421    1.37198    6.91378    1.15416    
165    6.68915    1.37004    6.92985    1.14649    
166    6.69025    1.36484    6.94213    1.13723    
167    6.68562    1.37432    6.9563    1.13119    
168    6.68    1.3801    6.9648    1.12428    
169    6.68959    1.36852    6.98369    1.10226    
170    6.69823    1.36181    7.00068    1.08176    
171    6.70683    1.36838    7.01201    1.07108    
172    6.71256    1.36667    7.02807    1.06215    
173    6.71255    1.36777    7.04223    1.04852    
174    6.72205    1.36526    7.06395    1.02699    
175    6.70862    1.378    7.07339    1.01938    
176    6.7095    1.38005    7.09322    1.00459    
177    6.70653    1.39661    7.10266    0.998316    
178    6.70258    1.39968    7.11587    0.979141    
179    6.6967    1.40728    7.1272    0.966843    
180    7.5392    1.48222    7.74962    1.28593    
181    7.53949    1.48197    7.76757    1.27242    
182    7.54546    1.48803    7.78552    1.26208    
183    7.55046    1.48765    7.80347    1.24926    
184    7.55733    1.47817    7.81668    1.23587    
185    7.56229    1.46853    7.83085    1.22454    
186    7.55771    1.47271    7.84313    1.21632    
187    7.56357    1.46522    7.86013    1.20346    
188    7.56085    1.475    7.87241    1.19706    
189    7.56666    1.46875    7.88846    1.18122    
190    7.57913    1.46483    7.9064    1.16741    
191    7.59255    1.45304    7.92527    1.14467    
192    7.59069    1.45833    7.93849    1.13335    
193    7.60121    1.45294    7.95642    1.11255    
194    7.60884    1.44523    7.97058    1.1022    
195    7.60501    1.44928    7.98002    1.09299    
196    7.60212    1.44734    7.9989    1.07491    
197    7.60397    1.45398    8.02061    1.05618    
198    7.61058    1.44782    8.03665    1.03746    
199    7.6105    1.45943    8.04986    1.02352    
200    8.44265    1.57108    8.66953    1.34653    
201    8.45532    1.56382    8.69881    1.32571    
202    8.4613    1.5633    8.7196    1.31446    
203    8.47298    1.55728    8.74035    1.28694    
204    8.47229    1.5549    8.75263    1.27945    
205    8.48964    1.53674    8.7753    1.26233    
206    8.49556    1.53079    8.79135    1.24854    
207    8.49956    1.53066    8.80552    1.24057    
208    8.49877    1.53062    8.81496    1.23251    
209    8.4894    1.53635    8.83101    1.22015    
210    8.49238    1.5341    8.84422    1.20925    
211    8.50011    1.53593    8.85649    1.19578    
212    8.50497    1.53909    8.87065    1.18601    
213    8.50884    1.53598    8.8782    1.17685    
214    8.5089    1.54687    8.88952    1.16485    
215    8.5099    1.54806    8.90746    1.15229    
216    8.5099    1.54832    8.91879    1.1468    
217    8.5099    1.53261    8.93104    1.1286    
218    8.49651    1.53984    8.94236    1.11633    
219    8.49838    1.54136    8.96123    1.09496    
220    9.3233    1.66303    9.59424    1.4112    
221    9.33123    1.64271    9.61689    1.38389    
222    9.33533    1.63778    9.63198    1.36644    
223    9.3375    1.64257    9.64709    1.35524    
224    9.35108    1.64794    9.66597    1.34189    
225    9.36274    1.6332    9.6839    1.32325    
226    9.37723    1.62938    9.69617    1.31055    
227    9.3822    1.62525    9.71787    1.29299    
228    9.38715    1.62724    9.73581    1.27914    
229    9.39113    1.62552    9.75091    1.26449    
230    9.38558    1.6286    9.76318    1.25624    
231    9.39429    1.61804    9.78016    1.2369    
232    9.40488    1.61596    9.79808    1.21855    
233    9.40785    1.6189    9.81411    1.19787    
234    9.42318    1.60439    9.83014    1.1767    
235    9.42135    1.60447    9.84523    1.15951    
236    9.42807    1.60711    9.8575    1.14873    
237    9.42906    1.59858    9.87164    1.13149    
238    9.42813    1.60013    9.8858    1.12259    
239    9.43767    1.58667    9.9056    1.1006    
240    10.2553    1.71164    10.5368    1.41828    
241    10.2527    1.70379    10.5557    1.40049    
242    10.2626    1.70026    10.5774    1.37885    
243    10.2648    1.70434    10.5944    1.36557    
244    10.2689    1.71866    10.6085    1.35861    
245    10.2739    1.70904    10.6236    1.3423    
246    10.2817    1.70471    10.6359    1.33524    
247    10.2915    1.7032    10.6519    1.32599    
248    10.2917    1.70389    10.6699    1.30927    
249    10.3033    1.69613    10.6859    1.29519    
250    10.3102    1.69131    10.7048    1.28118    
251    10.3113    1.69129    10.7189    1.2689    
252    10.3229    1.68661    10.7378    1.25621    
253    10.3344    1.69154    10.7482    1.24873    
254    10.3345    1.69064    10.7661    1.22087    
255    10.3489    1.68202    10.7802    1.20519    
256    10.3528    1.68897    10.7991    1.19166    
257    10.3548    1.68606    10.8104    1.18475    
258    10.3444    1.69586    10.817    1.18056    
259    10.3549    1.6934    10.8378    1.15765    
260    11.1644    1.80001    11.4889    1.46561    
261    11.1667    1.79334    11.505    1.45387    
262    11.1698    1.79054    11.5238    1.44066    
263    11.1711    1.79355    11.5389    1.42675    
264    11.1743    1.78771    11.5512    1.40333    
265    11.1764    1.79059    11.5653    1.39058    
266    11.1929    1.77881    11.5852    1.37667    
267    11.2026    1.76987    11.6031    1.35482    
268    11.2086    1.76554    11.6257    1.33572    
269    11.205    1.76877    11.6389    1.32348    
270    11.21    1.75994    11.6568    1.2999    
271    11.2092    1.76276    11.671    1.28642    
272    11.2103    1.7591    11.6851    1.27473    
273    11.2133    1.75515    11.7059    1.24986    
274    11.2287    1.74877    11.7219    1.22958    
275    11.2241    1.75841    11.7351    1.2108    
276    11.2394    1.75094    11.7483    1.20199    
277    11.2405    1.754    11.7577    1.1921    
278    11.2406    1.7634    11.7671    1.18646    
279    11.2368    1.77591    11.7756    1.18075    
280    12.047    1.87204    12.4108    1.48731    
281    12.0521    1.86244    12.4325    1.46206    
282    12.0533    1.85753    12.4523    1.44934    
283    12.0613    1.85392    12.4721    1.43556    
284    12.0701    1.86237    12.4863    1.42207    
285    12.0837    1.84492    12.5127    1.39466    
286    12.0859    1.84378    12.523    1.38493    
287    12.1005    1.82843    12.5457    1.36469    
288    12.1055    1.82645    12.5579    1.35478    
289    12.1095    1.82456    12.574    1.33728    
290    12.1154    1.81596    12.5891    1.32121    
291    12.1176    1.80224    12.6041    1.29997    
292    12.1159    1.81204    12.6154    1.28961    
293    12.1113    1.81013    12.6267    1.27621    
294    12.1238    1.81121    12.6456    1.25976    
295    12.1363    1.80418    12.6616    1.24257    
296    12.1308    1.80996    12.672    1.22819    
297    12.1252    1.8182    12.6824    1.22085    
298    12.1348    1.80856    12.6956    1.20544    
299    12.1282    1.82938    12.704    1.19764    
300    12.9457    1.92219    13.3412    1.51569    
301    12.9527    1.9161    13.3619    1.50224    
302    12.9587    1.91098    13.3855    1.48184    
303    12.9629    1.91685    13.4006    1.46994    
304    12.9774    1.91346    13.4204    1.44709    
305    12.9844    1.91295    13.4355    1.432    
306    12.9809    1.90802    13.4477    1.41929    
307    12.9916    1.90245    13.4647    1.40215    
308    13.0081    1.88483    13.4864    1.3787    
309    13.0188    1.87907    13.5043    1.36521    
310    13.0181    1.88157    13.5232    1.3515    
311    13.0269    1.87208    13.5354    1.34189    
312    13.0413    1.8595    13.559    1.31781    
313    13.0454    1.86739    13.5731    1.3057    
314    13.0484    1.85736    13.5929    1.27871    
315    13.0514    1.86779    13.5995    1.27293    
316    13.063    1.85487    13.6146    1.25577    
317    13.0584    1.8637    13.625    1.24577    
318    13.0595    1.86799    13.6344    1.23843    
319    13.073    1.86021    13.6457    1.22887    
320    13.8871    1.96913    14.3056    1.54894    
321    13.8894    1.95979    14.3207    1.5343    
322    13.8831    1.96473    14.332    1.52506    
323    13.8901    1.96985    14.3518    1.51395    
324    13.8904    1.97485    14.3584    1.50821    
325    13.8917    1.9798    14.3744    1.49338    
326    13.8901    1.97757    14.3886    1.47673    
327    13.898    1.96472    14.4018    1.46321    
328    13.9125    1.95599    14.4131    1.45112    
329    13.9138    1.95264    14.4244    1.43752    
330    13.9169    1.94731    14.4432    1.41857    
331    13.918    1.93787    14.4592    1.39475    
332    13.9354    1.92402    14.479    1.37159    
333    13.9404    1.91466    14.494    1.3477    
334    13.9358    1.9338    14.5035    1.33754    
335    13.9446    1.92987    14.5214    1.32465    
336    13.9486    1.93425    14.5364    1.30571    
337    13.9526    1.93862    14.5449    1.29827    
338    13.9555    1.94071    14.5628    1.28649    
339    13.9595    1.9488    14.5789    1.27071    
340    14.7896    2.04592    15.2351    1.5818    
341    14.7928    2.03514    15.2492    1.56908    
342    14.7951    2.02833    15.2671    1.54658    
343    14.8069    2.02965    15.285    1.53239    
344    14.811    2.01603    15.3076    1.49956    
345    14.8247    2.01496    15.3255    1.47659    
346    14.8259    2.00811    15.3406    1.45431    
347    14.8367    1.99535    15.3594    1.43393    
348    14.8417    1.98139    15.3754    1.41328    
349    14.8563    1.97048    15.3896    1.39885    
350    14.8699    1.95207    15.4131    1.37243    
351    14.8768    1.95205    15.432    1.35527    
352    14.8856    1.9477    15.4527    1.33847    
353    14.8868    1.94851    15.4687    1.32127    
354    14.887    1.95403    15.4819    1.30619    
355    14.8815    1.9599    15.4941    1.29131    
356    14.8846    1.95641    15.512    1.2802    
357    14.8838    1.96982    15.5196    1.27362    
358    14.8907    1.96795    15.5328    1.26023    
359    14.8965    1.97028    15.5459    1.2459    
360    15.7073    2.07649    16.1938    1.56387    
361    15.7163    2.07276    16.2089    1.55064    
362    15.7176    2.07046    16.2258    1.53693    
363    15.7255    2.06408    16.2457    1.52634    
364    15.7211    2.07369    16.2551    1.5187    
365    15.7272    2.07566    16.273    1.49677    
366    15.7361    2.06444    16.2899    1.47021    
367    15.7373    2.05817    16.3068    1.451    
368    15.7462    2.04948    16.3182    1.44285    
369    15.7474    2.0489    16.3276    1.43743    
370    15.7639    2.03457    16.354    1.40829    
371    15.7689    2.03164    16.3709    1.38548    
372    15.7587    2.03096    16.3812    1.37313    
373    15.7675    2.02613    16.3954    1.36165    
374    15.7677    2.03227    16.4142    1.34502    
375    15.7746    2.02748    16.4302    1.3225    
376    15.771    2.03061    16.4396    1.3144    
377    15.7722    2.03046    16.4585    1.30552    
378    15.779    2.03193    16.4745    1.28446    
379    15.7888    2.04041    16.4877    1.2662    
380    16.5984    2.14294    17.1299    1.58112    
381    16.6045    2.13652    17.1506    1.55842    
382    16.602    2.14352    17.1685    1.54908    
383    16.611    2.13332    17.1883    1.53685    
384    16.6132    2.13953    17.211    1.51606    
385    16.6259    2.12718    17.226    1.49442    
386    16.6358    2.12919    17.2429    1.4732    
387    16.6446    2.1299    17.259    1.4605    
388    16.6535    2.13525    17.2703    1.45437    
389    16.6567    2.13384    17.2807    1.45096    
390    16.6646    2.13111    17.2939    1.44225    
391    16.6687    2.12285    17.3108    1.41955    
392    16.6746    2.12948    17.3268    1.4045    
393    16.6682    2.11617    17.3419    1.38759    
394    16.6818    2.10559    17.356    1.37543    
395    16.6839    2.11016    17.3701    1.35962    
396    16.6937    2.11076    17.3936    1.32882    
397    16.6863    2.11158    17.403    1.31858    
398    16.6893    2.1084    17.42    1.301    
399    16.6924    2.1151    17.4294    1.28763    
400    17.5142    2.21277    18.0793    1.59931    
401    17.5203    2.20867    18.0972    1.58353    
402    17.5264    2.20414    18.1141    1.56557    
403    17.5249    2.20187    18.1273    1.54813    
404    17.5233    2.20533    18.1433    1.53504    
405    17.536    2.19065    18.1668    1.5086    
406    17.5459    2.18779    18.18    1.49057    
407    17.5472    2.18763    18.1969    1.47831    
408    17.5465    2.19075    18.2054    1.47421    
409    17.5592    2.18294    18.2196    1.46061    
410    17.5595    2.18235    18.2318    1.45    
411    17.5684    2.17733    18.2487    1.43624    
412    17.5791    2.17562    18.2647    1.42121    
413    17.5841    2.16799    18.2836    1.39845    
414    17.5873    2.16198    18.2939    1.38726    
415    17.6027    2.15182    18.3174    1.36742    
416    17.6144    2.1525    18.3363    1.35231    
417    17.6061    2.16159    18.3494    1.33848    
418    17.5968    2.1664    18.3645    1.32249    
419    17.6065    2.16083    18.3796    1.30546    
420    18.4338    2.25821    19.0286    1.61661    
421    18.4447    2.25362    19.0465    1.59976    
422    18.4431    2.25576    19.0634    1.58808    
423    18.4578    2.24483    19.0917    1.55467    
424    18.462    2.25321    19.1077    1.54431    
425    18.4756    2.23892    19.1303    1.5173    
426    18.4827    2.2502    19.1416    1.51373    
427    18.4963    2.23823    19.1632    1.49261    
428    18.4938    2.23598    19.1745    1.47973    
429    18.5084    2.22512    19.1896    1.4626    
430    18.5163    2.2214    19.2056    1.45357    
431    18.5318    2.20463    19.2225    1.43301    
432    18.534    2.20653    19.2347    1.41599    
433    18.5352    2.2158    19.2498    1.39756    
434    18.5251    2.2151    19.263    1.38651    
435    18.5329    2.21543    19.2733    1.37884    
436    18.537    2.21735    19.2846    1.36589    
437    18.541    2.21394    19.2959    1.35339    
438    18.5356    2.22473    19.3062    1.34061    
439    18.5301    2.22976    19.3213    1.32859    
440    19.3458    2.31836    19.9723    1.63599    
441    19.3614    2.3041    19.9921    1.61656    
442    19.3571    2.30049    20.0128    1.59265    
443    19.3784    2.28949    20.042    1.57155    
444    19.3854    2.28483    20.0589    1.55283    
445    19.382    2.29393    20.0711    1.54211    
446    19.3909    2.29489    20.089    1.5287    
447    19.4045    2.28732    20.1088    1.50692    
448    19.4049    2.2891    20.1192    1.50128    
449    19.4119    2.28875    20.137    1.48986    
450    19.4303    2.27963    20.1549    1.47209    
451    19.4448    2.27027    20.1719    1.4543    
452    19.4499    2.26661    20.1822    1.44229    
453    19.454    2.2697    20.1991    1.41945    
454    19.4628    2.27448    20.2132    1.40859    
455    19.4584    2.25981    20.2311    1.37889    
456    19.4729    2.24015    20.2489    1.35374    
457    19.4674    2.24228    20.2611    1.3263    
458    19.4753    2.24749    20.2752    1.31397    
459    19.4736    2.24524    20.2855    1.29784    
460    20.2863    2.33954    20.9499    1.60533    
461    20.3124    2.3104    20.9753    1.57583    
462    20.3071    2.31184    20.997    1.55861    
463    20.3189    2.30828    21.0214    1.53837    
464    20.325    2.30166    21.0393    1.51639    
465    20.3206    2.31218    21.0515    1.50408    
466    20.319    2.31654    21.0628    1.49561    
467    20.3327    2.32633    21.0807    1.48667    
468    20.3302    2.33141    21.0892    1.47916    
469    20.3334    2.32977    21.1033    1.4632    
470    20.349    2.31816    21.1193    1.45144    
471    20.3531    2.31576    21.1306    1.43889    
472    20.3658    2.30702    21.1418    1.42439    
473    20.3727    2.30745    21.1578    1.41304    
474    20.3778    2.29993    21.1682    1.39778    
475    20.3723    2.31679    21.1747    1.38909    
476    20.3698    2.30469    21.1907    1.36686    
477    20.3814    2.28792    21.2086    1.34251    
478    20.3732    2.30042    21.2227    1.32968    
479    20.3715    2.30641    21.2339    1.31845    
480    21.1746    2.42352    21.8871    1.63113    
481    21.2054    2.39863    21.9191    1.59719    
482    21.2001    2.39947    21.9379    1.57695    
483    21.2071    2.40008    21.9492    1.56645    
484    21.2085    2.40328    21.9652    1.55358    
485    21.2126    2.41457    21.9869    1.53877    
486    21.2225    2.40222    22.0019    1.51459    
487    21.2286    2.40988    22.0169    1.50349    
488    21.2432    2.40605    22.0367    1.48488    
489    21.2407    2.40299    22.0536    1.46247    
490    21.2543    2.39036    22.0705    1.44187    
491    21.2575    2.3846    22.0827    1.43045    
492    21.2759    2.36747    22.1043    1.39776    
493    21.281    2.36212    22.1184    1.38388    
494    21.287    2.36984    22.1325    1.37436    
495    21.2978    2.3682    22.1504    1.35088    
496    21.2942    2.36012    22.1645    1.32869    
497    21.3069    2.34312    22.1823    1.29707    
498    21.3224    2.33735    22.1973    1.28458    
499    21.3179    2.35008    22.2077    1.28111    
500    22.1084    2.46648    22.8695    1.59526    
501    22.1231    2.45789    22.8845    1.58318    
502    22.1168    2.44562    22.9033    1.5548    
503    22.1201    2.44707    22.9174    1.53732    
504    22.1233    2.44149    22.9315    1.52076    
505    22.1285    2.44124    22.9456    1.50497    
506    22.1393    2.43665    22.9653    1.48831    
507    22.1549    2.43313    22.9935    1.45554    
508    22.1638    2.43387    23.0029    1.44425    
509    22.1699    2.43142    23.0189    1.42403    
510    22.1712    2.43235    23.0283    1.40713    
511    22.1838    2.42401    23.0424    1.39573    
512    22.1927    2.41272    23.0565    1.37987    
513    22.2093    2.39956    23.0715    1.35996    
514    22.2095    2.40346    23.0799    1.34521    
515    22.2108    2.41041    23.0931    1.33106    
516    22.2196    2.40163    23.1137    1.30472    
517    22.2171    2.39743    23.125    1.28841    
518    22.2307    2.38393    23.1372    1.27166    
519    22.2262    2.39402    23.1428    1.2659    
520    23.0394    2.51194    23.8151    1.58106    
521    23.0484    2.51029    23.8292    1.57045    
522    23.0431    2.50262    23.8442    1.5594    
523    23.054    2.50799    23.864    1.54043    
524    23.062    2.49104    23.8828    1.51677    
525    23.0633    2.50351    23.894    1.50225    
526    23.078    2.49216    23.9185    1.47769    
527    23.0926    2.48361    23.9363    1.45811    
528    23.0987    2.48488    23.9523    1.43804    
529    23.1019    2.48375    23.972    1.42236    
530    23.1136    2.47997    23.988    1.40717    
531    23.133    2.47156    24.0077    1.39166    
532    23.1419    2.46894    24.0228    1.37823    
533    23.1546    2.46102    24.035    1.36632    
534    23.1682    2.44901    24.0566    1.33712    
535    23.1686    2.45763    24.066    1.33002    
536    23.1736    2.45471    24.0828    1.30437    
537    23.172    2.44733    24.0922    1.29104    
538    23.1789    2.43335    24.1063    1.27206    
539    23.1897    2.42583    24.1176    1.25992    
540    24.0046    2.54582    24.8021    1.56407    
541    24.0145    2.53569    24.8172    1.55023    
542    24.015    2.52541    24.8369    1.52639    
543    24.0192    2.52152    24.8519    1.51109    
544    24.0234    2.51941    24.8669    1.49026    
545    24.0304    2.52614    24.8839    1.47457    
546    24.0261    2.52977    24.897    1.46227    
547    24.0293    2.52866    24.9083    1.44774    
548    24.0373    2.53294    24.9214    1.43153    
549    24.0405    2.53576    24.9327    1.42106    
550    24.0428    2.53099    24.9477    1.40889    
551    24.047    2.52494    24.9581    1.39748    
552    24.0606    2.51169    24.9749    1.37521    
553    24.0733    2.49571    24.9928    1.35074    
554    24.1003    2.4732    25.0153    1.3291    
555    24.1034    2.47568    25.0294    1.31524    
556    24.0981    2.48164    25.0406    1.30257    
557    24.1079    2.48892    25.051    1.29074    
558    24.1024    2.48245    25.065    1.26961    
559    24.1132    2.47299    25.0697    1.26321    
560    24.929    2.59132    25.7601    1.57253    
561    24.9436    2.57697    25.7789    1.55398    
562    24.945    2.56905    25.7996    1.5343    
563    24.9492    2.57052    25.8128    1.52096    
564    24.9554    2.56582    25.8325    1.50357    
565    24.9634    2.56515    25.8475    1.48825    
566    24.9619    2.56541    25.8681    1.45311    
567    24.9698    2.56049    25.8831    1.43154    
568    24.974    2.55381    25.8972    1.40472    
569    24.9906    2.54708    25.9122    1.39127    
570    24.9919    2.55043    25.9263    1.37868    
571    25.0008    2.54515    25.9413    1.36002    
572    25.0221    2.51676    25.9619    1.33231    
573    25.0301    2.51091    25.975    1.31531    
574    25.0446    2.50547    25.9938    1.29618    
575    25.0507    2.50557    26.0079    1.27699    
576    25.0491    2.51277    26.0163    1.26409    
577    25.0456    2.51586    26.0238    1.25379    
578    25.044    2.5205    26.0351    1.24626    
579    25.032    2.52797    26.0417    1.23996    
580    25.8495    2.61923    26.7454    1.53969    
581    25.8651    2.60701    26.7642    1.52122    
582    25.8551    2.6129    26.7736    1.51164    
583    25.8631    2.60818    26.7858    1.49685    
584    25.8702    2.60821    26.7989    1.4824    
585    25.8735    2.60958    26.813    1.46925    
586    25.8625    2.62812    26.8215    1.46107    
587    25.8743    2.61312    26.8355    1.43747    
588    25.8728    2.6178    26.8514    1.41333    
589    25.8855    2.61633    26.8627    1.4005    
590    25.8887    2.61942    26.8739    1.38664    
591    25.8805    2.62963    26.8796    1.379    
592    25.8989    2.60901    26.9039    1.34906    
593    25.9136    2.58881    26.9208    1.32502    
594    25.9139    2.58711    26.9292    1.31021    
595    25.9285    2.58041    26.9395    1.29831    
596    25.925    2.58992    26.9545    1.2852    
597    25.9292    2.59067    26.9686    1.26067    
598    25.9371    2.59315    26.9836    1.24617    
599    25.9355    2.59093    26.9958    1.23155    
600    26.7473    2.68347    27.6854    1.52484    
601    26.7553    2.66412    27.7023    1.50234    
602    26.75    2.66037    27.7154    1.48564    
603    26.7628    2.65099    27.7436    1.44707    
604    26.768    2.64576    27.7595    1.42886    
605    26.7684    2.64405    27.7755    1.41674    
606    26.7745    2.64747    27.7952    1.39439    
607    26.792    2.63439    27.8139    1.37506    
608    26.7943    2.63462    27.8289    1.34057    
609    26.809    2.64273    27.8439    1.32806    
610    26.8112    2.65355    27.8561    1.32412    
611    26.8107    2.65551    27.8655    1.31779    
612    26.8157    2.65332    27.8749    1.30684    
613    26.8361    2.63284    27.8899    1.28365    
614    26.8354    2.62656    27.9011    1.26926    
615    26.8501    2.61179    27.9133    1.25407    
616    26.8571    2.6097    27.9264    1.2395    
617    26.8669    2.60961    27.9423    1.22236    
618    26.8767    2.60671    27.9648    1.19241    
619    26.8733    2.61784    27.9732    1.17929    
620    27.6811    2.70326    28.6706    1.47238    
621    27.6891    2.69014    28.679    1.45279    
622    27.6877    2.68517    28.695    1.43611    
623    27.6938    2.68353    28.709    1.42002    
624    27.699    2.67872    28.7221    1.3986    
625    27.6985    2.6907    28.7334    1.38843    
626    27.7055    2.69555    28.7521    1.36909    
627    27.7183    2.67921    28.7746    1.33807    
628    27.7272    2.67652    28.7896    1.31531    
629    27.7305    2.68023    28.8009    1.30497    
630    27.7366    2.67447    28.8093    1.29556    
631    27.7379    2.67323    28.8224    1.28031    
632    27.7401    2.67378    28.8346    1.26618    
633    27.7491    2.66222    28.8458    1.25361    
634    27.7713    2.64419    28.8608    1.23392    
635    27.7764    2.63167    28.8786    1.21144    
636    27.7929    2.62097    28.8889    1.19722    
637    27.8037    2.61617    28.9076    1.16952    
638    27.804    2.62379    28.9198    1.15422    
639    27.8062    2.62608    28.932    1.13484    
640    28.6159    2.71629    29.6407    1.44404    
641    28.6316    2.70424    29.6595    1.42872    
642    28.6501    2.69678    29.682    1.41063    
643    28.6495    2.69966    29.6961    1.39464    
644    28.6537    2.70245    29.7083    1.38153    
645    28.6637    2.68211    29.7336    1.35076    
646    28.6726    2.7056    29.743    1.34438    
647    28.6788    2.69622    29.7617    1.31717    
648    28.6887    2.69664    29.772    1.30317    
649    28.6929    2.69774    29.7898    1.28181    
650    28.7075    2.70233    29.802    1.27015    
651    28.7222    2.69111    29.8169    1.24862    
652    28.7225    2.69414    29.8272    1.23495    
653    28.7391    2.68166    29.8431    1.21281    
654    28.7499    2.66918    29.8563    1.19814    
655    28.7531    2.66676    29.8656    1.17704    
656    28.7658    2.64922    29.8768    1.16331    
657    28.7633    2.65615    29.8862    1.15109    
658    28.7646    2.65525    29.8974    1.13348    
659    28.7592    2.67037    29.9049    1.12303    
660    29.5659    2.77029    30.6128    1.42744    
661    29.5759    2.75645    30.6307    1.41459    
662    29.5782    2.74813    30.64    1.40162    
663    29.572    2.74691    30.6588    1.38067    
664    29.5867    2.7395    30.6765    1.35537    
665    29.6042    2.72075    30.6972    1.33489    
666    29.6151    2.72133    30.714    1.3103    
667    29.6051    2.7343    30.7271    1.2944    
668    29.6159    2.73192    30.7374    1.28068    
669    29.6267    2.72684    30.7505    1.2565    
670    29.6385    2.72384    30.7589    1.24817    
671    29.6437    2.73829    30.7711    1.2433    
672    29.6555    2.72431    30.7833    1.22618    
673    29.6587    2.72163    30.7982    1.20584    
674    29.6696    2.71477    30.8094    1.19194    
675    29.6852    2.70064    30.8225    1.17348    
676    29.6798    2.69536    30.8347    1.15394    
677    29.6991    2.67031    30.8524    1.11969    
678    29.7033    2.67714    30.8617    1.10129    
679    29.6941    2.6843    30.8738    1.07666    
680    30.5074    2.78771    31.5972    1.38582    
681    30.5126    2.78245    31.6094    1.37431    
682    30.5244    2.77153    31.6234    1.35621    
683    30.5286    2.76056    31.6459    1.32397    
684    30.5396    2.75727    31.659    1.30573    
685    30.5428    2.7461    31.6777    1.28532    
686    30.5528    2.74758    31.6936    1.26636    
687    30.5389    2.76708    31.7048    1.25179    
688    30.546    2.76626    31.7142    1.24111    
689    30.5512    2.76781    31.7264    1.23155    
690    30.5592    2.76578    31.7376    1.21602    
691    30.5729    2.75983    31.7507    1.19465    
692    30.5761    2.75949    31.76    1.18297    
693    30.5726    2.76295    31.7694    1.17024    
694    30.5797    2.76405    31.7768    1.15884    
695    30.5924    2.75137    31.7899    1.14581    
696    30.5928    2.74871    31.7974    1.1321    
697    30.6074    2.74406    31.8058    1.11414    
698    30.602    2.74802    31.8188    1.09412    
699    30.6081    2.74602    31.831    1.07477    
700    31.4089    2.86725    32.5574    1.37966    
701    31.4179    2.85516    32.5677    1.36373    
702    31.4117    2.86204    32.5752    1.35664    
703    31.4141    2.85624    32.5986    1.32819    
704    31.4278    2.85019    32.6144    1.30041    
705    31.4226    2.83563    32.6266    1.28043    
706    31.422    2.8421    32.6368    1.26848    
707    31.4186    2.85259    32.6499    1.25431    
708    31.4276    2.83151    32.6649    1.22942    
709    31.4327    2.83053    32.678    1.2166    
710    31.4417    2.83554    32.6901    1.20203    
711    31.4487    2.83515    32.7013    1.18121    
712    31.4548    2.82822    32.7153    1.16135    
713    31.4514    2.81768    32.7246    1.14324    
714    31.468    2.80896    32.746    1.10263    
715    31.4816    2.79198    32.7582    1.08701    
716    31.4896    2.7845    32.7685    1.07807    
717    31.4957    2.76825    32.7815    1.05525    
718    31.5179    2.74806    32.7965    1.03615    
719    31.5182    2.75953    32.8095    1.00868    
720    32.3275    2.88328    33.5406    1.30445    
721    32.3403    2.87411    33.5537    1.29537    
722    32.3361    2.87895    33.5603    1.28951    
723    32.328    2.88474    33.5761    1.27141    
724    32.3436    2.87163    33.592    1.2428    
725    32.345    2.8616    33.6022    1.22758    
726    32.3444    2.85978    33.6162    1.20667    
727    32.3506    2.85963    33.6284    1.19182    
728    32.3519    2.85177    33.6415    1.17583    
729    32.3694    2.84031    33.6601    1.14789    
730    32.3632    2.85637    33.6713    1.13153    
731    32.3807    2.8433    33.6844    1.10662    
732    32.383    2.84478    33.6918    1.08976    
733    32.3939    2.82773    33.7011    1.06814    
734    32.3971    2.82486    33.7113    1.05141    
735    32.4098    2.81597    33.7225    1.03225    
736    32.413    2.80922    33.7318    1.02173    
737    32.4124    2.80675    33.744    1.00287    
738    32.4318    2.78604    33.757    0.983814    
739    32.4322    2.79474    33.7682    0.96288    
740    33.2481    2.91317    34.4947    1.27076    
741    33.2467    2.90312    34.504    1.26218    
742    33.2443    2.9044    34.519    1.24587    
743    33.2438    2.90164    34.534    1.23062    
744    33.2528    2.90762    34.548    1.21749    
745    33.2674    2.8924    34.562    1.19567    
746    33.2697    2.89072    34.5806    1.17406    
747    33.2759    2.89248    34.5918    1.15849    
748    33.2868    2.88058    34.6123    1.12892    
749    33.3005    2.8744    34.6264    1.11531    
750    33.3113    2.86583    34.6403    1.09258    
751    33.3241    2.86382    34.6553    1.07981    
752    33.3321    2.86707    34.6684    1.06623    
753    33.3496    2.85491    34.6852    1.04997    
754    33.3566    2.85293    34.6954    1.03326    
755    33.3618    2.8513    34.7019    1.023    
756    33.3888    2.83    34.7178    1.00004    
757    33.3882    2.83589    34.7234    0.993122    
758    33.4057    2.82367    34.7382    0.966856    
759    33.4194    2.81051    34.7485    0.946509    
760    34.2228    2.92701    35.5052    1.22676    
761    34.2252    2.92134    35.5201    1.21043    
762    34.2323    2.9108    35.535    1.18662    
763    34.2356    2.90742    35.5472    1.17327    
764    34.2427    2.90617    35.5602    1.15664    
765    34.2554    2.89954    35.5705    1.14347    
766    34.2531    2.8909    35.5807    1.12144    
767    34.2583    2.9065    35.5928    1.10832    
768    34.2473    2.91152    35.6012    1.09856    
769    34.2553    2.89546    35.6161    1.07661    
770    34.2605    2.90233    35.6245    1.06516    
771    34.2685    2.90837    35.632    1.05825    
772    34.2765    2.90754    35.646    1.037    
773    34.2759    2.9017    35.6515    1.02703    
774    34.2791    2.88954    35.6664    1.0034    
775    34.2938    2.88495    35.6794    0.982313    
776    34.3151    2.86011    35.6943    0.965943    
777    34.3316    2.84384    35.7064    0.937953    
778    34.332    2.84313    35.7157    0.922962    
779    34.3476    2.83137    35.7231    0.913039    
780    35.1614    2.94737    36.4783    1.19088    
781    35.1657    2.93528    36.4876    1.18026    
782    35.1661    2.94101    36.4988    1.17282    
783    35.1704    2.93721    36.5091    1.1596    
784    35.1851    2.92916    36.5221    1.14415    
785    35.1875    2.93305    36.5342    1.1236    
786    35.1946    2.92502    36.5491    1.10695    
787    35.1988    2.93014    36.5593    1.08865    
788    35.184    2.92985    36.5779    1.05625    
789    35.1977    2.9148    36.5891    1.03833    
790    35.201    2.90986    36.6011    1.01839    
791    35.2071    2.9187    36.6105    1.00669    
792    35.2189    2.92218    36.616    0.999079    
793    35.2317    2.91337    36.6272    0.97802    
794    35.2511    2.88699    36.6411    0.953639    
795    35.2562    2.89197    36.6504    0.938566    
796    35.2652    2.89214    36.6615    0.926564    
797    35.2817    2.86975    36.6699    0.908407    
798    35.2754    2.87634    36.6801    0.895735    
799    35.2796    2.87741    36.6838    0.891524    
800    36.0896    2.98741    37.4544    1.17461    
801    36.0928    2.97442    37.4627    1.16178    
802    36.0933    2.97005    37.4776    1.14126    
803    36.1024    2.97376    37.4879    1.12936    
804    36.1057    2.97836    37.5    1.11637    
805    36.108    2.98643    37.5065    1.10767    
806    36.1113    2.98011    37.5176    1.09659    
807    36.1212    2.98667    37.526    1.08135    
808    36.1103    3.00166    37.5371    1.05482    
809    36.1154    2.986    37.55    1.03302    
810    36.1234    2.98316    37.5621    1.01226    
811    36.121    3.00194    37.5686    1.0034    
812    36.1385    2.98912    37.576    0.991049    
813    36.1332    3.00323    37.5835    0.982362    
814    36.1488    2.98554    37.5983    0.957799    
815    36.1531    2.98087    37.6112    0.930555    
816    36.1572    2.97466    37.6195    0.913657    
817    36.1671    2.96687    37.6288    0.902611    
818    36.1722    2.95831    37.6362    0.892868    
819    36.1707    2.95118    37.6454    0.868069    
820    36.9873    3.06573    38.403    1.14799    
821    36.9945    3.04992    38.417    1.13134    
822    36.9959    3.04787    38.4309    1.10912    
823    36.9954    3.0446    38.4448    1.08742    
824    36.9958    3.04534    38.4541    1.07418    
825    37.0114    3.0312    38.4763    1.03381    
826    37.0109    3.01985    38.4874    1.01538    
827    37.0161    3.01664    38.4958    1.00152    
828    37.0175    3.02116    38.5087    0.979388    
829    37.0312    3.00079    38.5226    0.961304    
830    37.0316    3.00578    38.5355    0.934577    
831    37.0454    3.0079    38.5476    0.917817    
832    37.0505    3.00617    38.5559    0.903706    
833    37.0557    3.01314    38.5634    0.896827    
834    37.0571    3.01047    38.5773    0.87336    
835    37.0689    2.98899    38.593    0.846192    
836    37.0693    2.99341    38.5994    0.831478    
837    37.0858    2.97803    38.6096    0.810117    
838    37.0957    2.96663    38.6179    0.798051    
839    37.1018    2.96529    38.629    0.785829    
840    37.9373    3.06897    39.4082    1.05149    
841    37.9292    3.06465    39.4166    1.04019    
842    37.9287    3.0605    39.4296    1.02062    
843    37.9282    3.0581    39.4388    0.998237    
844    37.9373    3.04884    39.4499    0.977026    
845    37.9472    3.05246    39.4628    0.961498    
846    37.943    3.04049    39.4749    0.943637    
847    37.9414    3.05156    39.486    0.926426    
848    37.9409    3.05686    39.4943    0.910356    
849    37.9519    3.04288    39.51    0.890958    
850    37.9589    3.03319    39.522    0.868462    
851    37.9622    3.04515    39.5294    0.853787    
852    37.9645    3.04919    39.534    0.845234    
853    37.983    3.04389    39.5433    0.836665    
854    37.9862    3.05136    39.5553    0.818218    
855    37.9999    3.03892    39.5618    0.810215    
856    38.0079    3.0332    39.5701    0.793014    
857    38.0226    3.01957    39.5812    0.774894    
858    38.0429    3.00221    39.5885    0.759783    
859    38.0604    2.98541    39.5977    0.742853    
860    38.8788    3.10376    40.3781    1.01658    
861    38.8773    3.08664    40.3928    0.993058    
862    38.9006    3.07377    40.4086    0.971173    
863    38.8877    3.08568    40.4178    0.954186    
864    38.9062    3.08135    40.4355    0.943338    
865    38.9182    3.07876    40.4447    0.927549    
866    38.9176    3.07288    40.4521    0.915709    
867    38.9219    3.0616    40.4696    0.889155    
868    38.9337    3.07046    40.477    0.88082    
869    38.9323    3.05613    40.4936    0.850073    
870    38.9479    3.04577    40.5027    0.827034    
871    38.954    3.0442    40.5184    0.801773    
872    38.9525    3.06332    40.5322    0.78241    
873    38.9739    3.04196    40.5396    0.76512    
874    38.9772    3.04587    40.5451    0.754361    
875    38.988    3.03161    40.5525    0.739088    
876    38.9931    3.03968    40.5589    0.722605    
877    39.004    3.02954    40.5671    0.701908    
878    39.0148    3.01454    40.5726    0.696998    
879    39.0228    3.00624    40.5763    0.687005    
880    39.8345    3.11522    41.3841    0.939534    
881    39.8416    3.10461    41.3906    0.93187    
882    39.8459    3.10105    41.4007    0.915142    
883    39.8378    3.10377    41.4136    0.892119    
884    39.8335    3.11006    41.4191    0.881436    
885    39.8387    3.10668    41.4338    0.858241    
886    39.861    3.08874    41.4467    0.836396    
887    39.8662    3.07444    41.4596    0.816975    
888    39.8771    3.0699    41.4733    0.787102    
889    39.8671    3.08619    41.4816    0.772531    
890    39.8884    3.07461    41.488    0.763073    
891    39.8926    3.07275    41.4962    0.743892    
892    39.8969    3.07589    41.5036    0.736431    
893    39.9087    3.08056    41.5073    0.732557    
894    39.9129    3.08075    41.5137    0.722171    
895    39.9238    3.07317    41.5183    0.715806    
896    39.9356    3.06187    41.5247    0.698054    
897    39.9398    3.0709    41.532    0.684425    
898    39.9412    3.06887    41.5375    0.674754    
899    39.9625    3.04143    41.5475    0.650516    
900    40.7721    3.14768    42.3685    0.885625    
901    40.7849    3.13098    42.3786    0.864664    
902    40.7863    3.1177    42.3868    0.853265    
903    40.7802    3.12939    42.3923    0.845473    
904    40.7825    3.12698    42.4042    0.820135    
905    40.802    3.11652    42.417    0.79839    
906    40.811    3.11088    42.4262    0.785529    
907    40.8048    3.10377    42.4373    0.774759    
908    40.8186    3.09773    42.4436    0.758652    
909    40.8029    3.11664    42.4527    0.737428    
910    40.8062    3.11379    42.4581    0.724008    
911    40.8094    3.12138    42.4636    0.715583    
912    40.8175    3.12341    42.4682    0.707834    
913    40.8274    3.11677    42.4764    0.690532    
914    40.8373    3.12056    42.4837    0.677901    
915    40.8453    3.11907    42.4891    0.66896    
916    40.8543    3.11308    42.4973    0.653316    
917    40.8547    3.12136    42.5009    0.648716    
918    40.8617    3.1168    42.5063    0.631088    
919    40.8697    3.10451    42.5126    0.616025    
920    41.6984    3.20968    43.3368    0.847513    
921    41.7102    3.18981    43.3523    0.822308    
922    41.7079    3.18433    43.3605    0.803658    
923    41.7017    3.18608    43.3687    0.787264    
924    41.6898    3.20852    43.3759    0.769961    
925    41.7045    3.20167    43.3895    0.742405    
926    41.7173    3.18846    43.3994    0.715203    
927    41.7149    3.17755    43.4085    0.701008    
928    41.7116    3.18465    43.4185    0.686405    
929    41.6949    3.2    43.4231    0.677458    
930    41.7057    3.1808    43.433    0.655474    
931    41.7176    3.1762    43.442    0.636379    
932    41.7323    3.1695    43.4474    0.61829    
933    41.7289    3.18203    43.4537    0.604722    
934    41.7445    3.17406    43.4654    0.585364    
935    41.7421    3.17624    43.47    0.578755    
936    41.7587    3.16153    43.4807    0.547001    
937    41.761    3.15511    43.4888    0.526361    
938    41.7633    3.15671    43.4923    0.516747    
939    41.7808    3.13045    43.4977    0.50386    
940    42.6113    3.22248    44.3328    0.721485    
941    42.6213    3.21343    44.3463    0.686552    
942    42.6265    3.20204    44.358    0.665001    
943    42.6231    3.20902    44.3661    0.645893    
944    42.6151    3.22714    44.3706    0.638797    
945    42.6203    3.23123    44.3869    0.61222    
946    42.6341    3.20746    44.3969    0.596367    
947    42.6289    3.20535    44.4013    0.583526    
948    42.635    3.20709    44.4138    0.552563    
949    42.6354    3.21592    44.4219    0.538068    
950    42.6359    3.20785    44.43    0.524918    
951    42.6667    3.18876    44.439    0.511609    
952    42.6586    3.20399    44.4434    0.497728    
953    42.6553    3.21691    44.4479    0.487545    
954    42.6727    3.20496    44.454    0.464853    
955    42.6798    3.20149    44.4593    0.451546    
956    42.6869    3.19232    44.462    0.446118    
957    42.7044    3.17504    44.4681    0.424876    
958    42.6981    3.18819    44.4717    0.41534    
959    42.7023    3.18216    44.4752    0.40779    
960    43.5452    3.27196    45.3377    0.596082    
961    43.5523    3.2581    45.3512    0.56967    
962    43.5566    3.24782    45.3601    0.549448    
963    43.5475    3.25996    45.3636    0.537584    
964    43.5413    3.27533    45.3681    0.533486    
965    43.5618    3.26354    45.3734    0.523564    
966    43.5717    3.26709    45.3822    0.507146    
967    43.5722    3.25777    45.3884    0.495352    
968    43.5859    3.25898    45.3936    0.482181    
969    43.5959    3.25252    45.3997    0.466196    
970    43.5916    3.2431    45.4083    0.439574    
971    43.611    3.22322    45.4101    0.437605    
972    43.6143    3.22638    45.4152    0.421338    
973    43.63    3.22447    45.4178    0.410146    
974    43.6294    3.22385    45.4203    0.402548    
975    43.6412    3.22431    45.4255    0.396244    
976    43.654    3.21874    45.4305    0.379827    
977    43.663    3.20625    45.4314    0.375825    
978    43.6701    3.19763    45.4355    0.362128    
979    43.6818    3.19771    45.4363    0.358364    
980    44.5236    3.27402    46.3336    0.488543    
981    44.5326    3.26297    46.3396    0.476243    
982    44.5389    3.24524    46.349    0.454491    
983    44.5309    3.25544    46.3575    0.437335    
984    44.5342    3.24494    46.36    0.433226    
985    44.5451    3.24975    46.3625    0.427978    
986    44.5493    3.2525    46.3641    0.423521    
987    44.5517    3.25267    46.3699    0.412733    
988    44.5483    3.25069    46.3748    0.39594    
989    44.5583    3.2578    46.3788    0.388084    
990    44.5482    3.26653    46.3811    0.381737    
991    44.5591    3.24883    46.3841    0.370618    
992    44.5558    3.26074    46.3841    0.370618    
993    44.5619    3.27268    46.3862    0.362381    
994    44.5624    3.27085    46.3884    0.355971    
995    44.5723    3.2591    46.3904    0.349196    
996    44.5698    3.25951    46.391    0.34559    
997    44.5902    3.23731    46.3916    0.343646    
998    44.6021    3.22711    46.3921    0.34193    
999    44.6101    3.22744    46.3926    0.33943    
1000    45.4423    3.3123    47.3177    0.3914    
