170.016    94.1254    93.0523    92.5374    
147.073    90.2859    90.4507    90.8323    
147.66    92.0189    94.7905    91.9976    
150.295    93.2495    92.5916    91.7442    
148.735    90.2286    90.1175    93.1084    
151.241    93.3339    91.4254    94.7187    
146.304    90.2014    90.2087    97.4183    
153.152    93.4856    90.3807    102.769    
155.424    91.5211    92.2148    115.854    
158.981    92.3163    91.3959    153.038    
161.058    91.2211    94.2587    133.104    
178.403    91.7003    92.0953    151.984    
181.852    92.3313    90.2986    97.0001    
161.612    93.9353    93.1758    129.324    
189.717    94.3866    92.3488    98.1954    
