8    6.94669    6.93975    
16    3.55619    3.55264    
32    3.81356    3.80975    
64    2.87965    2.87677    
128    1.80088    1.79909    
256    3.37206    3.36869    
512    5.50465    5.49915    
1024    1.4256    1.42418    
2048    0.532354    0.531822    
4096    1.82204    1.82022    
8192    5.70228    5.69658    
16384    2.84293    2.84009    
32768    3.34231    3.33897    
65536    0.312605    0.312293    
131072    3.07572    3.07265    
262144    2.88437    2.88149    
524288    5.33963    5.33429    
